0.29451 -0.435097 -0.585486 2.11342 -0.392652 0.186835 0.162754 0.403842 -0.0806076 1.80997 -0.905296 -0.322723 -0.601053 1.18543 0.229689 0.583769 0.0670121 -0.325607 -0.347061 -0.290325 -0.551759 -0.585138 -0.586835 0.711462 0.0135424 0.0780356 -0.938877 -0.421816 -0.278796 -0.703108 -0.50931 -1.11288 -0.0481748 0.300262 -0.784069 0.753415 0.396709 -0.332285 -0.228926 -0.256273 -0.194732 -0.753241 0.0995787 1.58972 -0.990666 -0.0140221 -0.415825 1.6434 1.50603 1.97106 0.0276378 -0.639799 
-0.213165 0.421657 -0.138217 1.23259 0.461238 -0.205997 0.213159 0.303983 -0.965584 0.168417 -0.509231 1.18642 -0.437274 1.7671 -0.753888 -0.320403 -0.0979614 0.119216 0.739964 -0.669452 -0.961166 0.0619697 0.133472 -0.638928 -0.935986 -0.059078 -1.10847 -0.4074 -0.852919 0.372626 -1.00291 0.678094 -0.516678 0.570887 0.205791 1.11327 -1.08914 1.29768 1.17523 -0.723096 -0.0941954 0.124456 0.196102 0.0643309 0.328557 0.0404158 1.89996 -0.145085 0.231199 0.31506 0.438671 0.442274 
1.07913 0.0743581 -0.462595 -0.990382 1.15425 -0.229805 -1.21913 -0.342996 -1.26313 -0.285098 -1.31393 1.06496 0.191175 0.256261 -1.18209 1.06213 -0.475579 -0.394601 -0.899963 -0.479416 0.0677363 0.834295 1.63491 -0.747539 0.860293 -0.529691 -0.108032 -0.0836923 0.461671 0.56414 0.196239 -0.167353 -0.615122 0.148807 0.152861 -0.34132 0.056369 1.45723 -0.684265 0.0762661 0.792114 1.16189 1.45754 -0.188783 -0.650672 -0.217166 -1.15054 -0.0433124 0.322781 0.337733 0.539607 -0.161182 
-1.40076 1.12502 -0.969809 -0.373178 -0.803651 1.24721 -0.330142 -1.1367 0.186529 -0.770568 -0.423989 -1.08687 -0.468014 -1.17954 -0.161503 0.833769 0.798625 0.0489926 -1.07293 0.945241 1.2868 -0.340574 -0.845284 -0.390045 0.553393 -0.91396 0.994309 -0.765059 -0.226574 0.321396 -0.952827 -0.00477712 -0.967609 -0.368021 0.87912 0.616292 1.57929 -0.728144 1.4013 -0.22562 -0.248204 0.347561 0.0740322 -0.391817 -1.12601 1.44342 1.15853 0.933214 0.605356 -0.182307 -0.566102 0.716688 
-0.0350349 -0.928915 0.0175354 -0.980479 -0.753281 -0.584979 -0.235664 0.0521397 -0.859456 -0.0755728 -0.813116 -0.683933 -1.21224 0.0386294 -0.277261 0.632587 1.14674 0.948391 -0.270966 -0.890896 0.790637 0.971929 -0.585058 -0.170487 0.714866 -0.428455 0.885471 0.0207451 -0.312878 -0.552794 -0.126212 0.922482 -0.691675 0.708875 0.984582 1.12845 -1.26206 -0.149199 -0.593778 0.724934 0.90782 0.0349696 -0.127147 0.490107 0.380464 -0.484554 -0.0998256 0.475704 -0.415316 0.373625 0.322898 1.42113 
0.695211 -0.149149 0.965554 0.379566 0.264172 0.745678 0.579864 0.413336 -0.322225 0.588068 -0.0757539 -0.586247 -0.146529 -0.704881 0.566705 -1.30622 1.04584 -1.23437 1.0738 0.585838 0.501724 0.729652 -1.31366 -1.73743 -1.4755 -1.26356 0.787037 -1.09577 0.984398 -0.545426 -0.162021 -0.473739 0.953205 0.606477 -0.43861 -1.32034 0.185602 -0.144099 0.750759 -0.654322 0.326066 0.499789 1.44527 0.240112 0.715035 0.763042 0.183189 -1.50034 0.653686 0.0104582 -1.21378 0.965676 
-0.685996 -0.651483 -1.05557 0.407174 -1.22577 0.366098 -0.395385 -1.29259 -0.960387 0.341325 0.776629 -0.656284 -0.417534 -1.15328 -0.188162 1.13075 0.54502 1.40119 -0.827696 -0.591806 0.248512 0.505993 1.08721 1.09469 -1.28169 -0.327892 0.0182214 -0.976317 0.939887 -1.06712 1.37528 0.747421 0.63332 -1.15303 -0.450049 0.168935 -0.418876 -0.59708 0.401593 0.506597 0.553412 -0.0286503 0.259326 -1.05651 -0.868733 -0.996118 -0.520162 0.249165 -0.0194128 0.967665 -0.876096 -0.315031 
-0.884281 0.776825 -0.0686684 -0.10858 0.404821 -0.784125 0.011065 -1.08571 -0.678831 0.196565 1.17585 -0.366034 0.267562 0.106757 0.967818 -0.958142 0.533746 -0.799019 1.23816 0.738888 -0.400174 -0.161328 -0.536213 0.392799 -0.649473 0.416614 -0.264423 0.392731 -1.0784 0.738391 -0.858962 -0.0839211 -0.132845 -0.00979847 1.34935 1.63852 0.638695 -1.00605 1.29015 1.15563 -0.983463 -0.54543 -0.810463 -0.470475 -1.36093 1.33065 0.218207 -0.237392 -0.547637 0.293879 -0.110275 0.43099 
-0.924337 0.655007 -1.47579 0.478897 -0.272729 1.1146 0.759748 -1.34789 0.982697 -1.41719 -1.05318 1.05607 0.542403 -0.269016 -1.2289 0.618554 -0.00832141 0.2573 0.245668 0.380477 0.570197 0.385505 0.556844 0.0214327 -1.33099 0.337729 -1.60551 0.46773 0.550296 0.774753 0.0419883 -1.43382 0.95215 0.101809 -0.678695 -0.716643 0.543504 0.607451 0.858323 0.318042 -0.393903 -0.680624 -0.142666 -0.0367496 -0.91302 -1.42492 0.370195 -0.202598 0.535927 0.102123 0.87294 1.16098 
0.71109 -1.16267 1.16387 0.464426 -0.101168 1.38333 0.988723 0.910633 1.09957 0.790745 1.08259 0.30878 0.191628 1.48429 -1.14159 0.607356 -0.601688 -0.457902 0.936049 -1.14503 -0.873696 -0.491195 -0.97481 -0.585913 -0.564812 -1.70864 -0.719954 1.38325 1.31945 1.23338 -1.33308 1.17779 -1.0746 0.267207 -0.896233 -0.314204 0.536163 -0.260908 -0.443571 -0.776849 -0.615946 -0.0875837 -0.626001 0.128988 -0.510283 0.538623 -0.140031 -0.487799 -1.206 1.26023 -0.836838 -0.174957 
-0.0159583 -0.554108 -1.00089 -0.24234 1.10866 -0.795081 1.53728 0.943334 -1.02905 0.309063 0.0268236 -0.511166 0.831202 0.140488 -0.454913 -0.231738 -0.415469 1.40654 -0.524821 -0.133363 1.22243 -1.47591 0.561386 -0.851701 0.302247 -0.969312 -0.270788 -0.984972 0.390613 -0.545012 0.739465 0.665869 1.12178 -0.957192 -0.85782 0.30503 0.390882 0.629166 1.23095 1.34746 0.259721 1.37151 0.245741 0.83234 1.42711 0.547817 -0.798499 -0.922349 -1.06595 -0.894178 1.26676 0.610563 
0.1675 -0.563675 1.29057 -0.289968 1.20455 -0.471947 -0.865962 -0.250471 1.5353 0.22896 -1.17181 -1.06629 1.11554 -0.0766227 0.111997 -0.776727 -0.962588 1.05882 0.00509949 0.583927 -0.568768 0.466551 -0.0580937 -0.797289 -0.382499 -0.690725 0.410141 -0.545434 -0.519888 -0.715794 0.225257 1.70767 -0.628473 0.756321 -0.0107868 -1.05874 -1.03816 -1.01549 0.594414 -0.22068 0.487819 -0.104925 -0.519148 0.853449 -0.165595 -1.03138 1.24996 1.01547 1.24847 -0.834457 1.16176 -0.504422 
0.716361 0.0700269 -0.570294 0.783163 -1.10209 0.264594 -1.1336 0.743759 0.832235 0.876864 0.21862 0.551778 -1.46908 -0.131688 -1.03312 0.164697 0.474699 -1.20382 0.299676 0.688255 0.689297 -0.178173 0.476928 0.976139 1.17639 0.0262772 0.792254 0.180292 -1.4375 -0.927538 -0.566877 -0.982735 1.1185 -1.16178 -1.10506 0.226828 0.934476 -1.24123 -0.705437 -0.899701 0.487377 -1.35017 1.0461 -0.382314 -0.864332 -0.558506 0.00838594 -0.991959 0.706753 0.665023 0.809266 -1.55715 
-1.40551 -0.417117 -0.013 0.077838 0.730688 0.673288 -1.24105 0.447386 -0.144648 -0.821339 0.157852 0.439744 0.369823 0.383937 -0.201754 -0.012288 0.780191 1.01423 0.873674 1.20377 -0.777819 0.427524 0.28398 0.925649 -0.310545 0.240699 0.876687 -1.26063 -0.325244 1.27274 0.19729 -1.19567 -1.18687 -0.85281 -0.053213 0.117924 -1.31194 0.343471 -1.18672 0.467246 1.7128 -0.983386 -1.13042 1.18184 -1.25551 -0.42306 -0.427298 0.749168 -0.28059 0.281642 -0.694903 -0.222824 
-0.598591 0.822093 -1.25032 -0.875711 0.520949 -0.793229 1.18758 -0.369461 -0.0127338 -0.560747 0.539263 0.257154 0.27888 -0.0825568 0.852039 0.232866 0.440438 -0.378332 0.656851 1.05967 -1.16586 -1.10597 -0.881673 0.853027 0.957047 0.291303 -0.918031 0.354686 -0.598139 0.0147794 1.40297 0.379543 -0.127202 1.04961 -1.4476 -1.06018 0.28668 0.895301 -0.71472 0.0478485 1.37645 -1.03011 0.427315 -0.193764 1.24949 -0.432289 -0.567705 0.482442 -0.623365 -1.02192 -0.802499 -0.353789 
-0.0491603 -1.82128 1.08498 0.679567 -0.973928 -1.05803 0.314734 0.906591 0.204206 -0.66395 0.307383 -1.7602 0.0795372 -1.25419 1.15236 0.280503 -0.247753 0.466512 0.68999 -0.0691435 -0.771696 -0.316796 0.800363 0.698589 0.538966 -0.016899 0.287845 0.348061 0.866683 -0.0251087 -0.0630856 -0.54655 0.19943 1.16332 -0.278769 0.406851 -0.420093 -0.206772 -0.151451 0.948157 -1.43865 0.573489 -1.17248 0.101 0.374222 0.195381 0.358069 -0.433896 0.498112 0.511261 -1.58584 -1.45827 
0.0231081 0.595089 1.11196 -0.189116 0.349486 -0.105623 -0.235119 -0.73164 0.470907 0.290571 0.854769 0.287085 0.59691 0.795134 0.239294 -1.64299 -0.0975536 0.0586043 -1.51426 -0.247496 0.378959 0.209136 1.08545 0.927518 0.109562 0.959405 0.163349 -1.06916 -0.788158 -1.04875 0.920949 0.851285 -0.767247 1.01537 -0.400141 -1.1908 -0.117827 -1.34558 -0.863665 0.999258 -1.41712 1.21436 -1.32643 0.313795 0.396155 0.54129 0.7869 -0.916468 0.671449 -0.196267 -0.197521 -1.27238 
0.850957 0.30812 -0.0829649 -0.0483991 0.228223 -0.670504 -0.098042 -0.932607 0.43993 -0.381196 0.447945 0.726889 -0.217291 -0.242501 0.103011 0.932602 0.29992 -0.132239 -0.41593 0.113875 0.0487252 -0.467437 -0.325686 0.479561 0.0338719 -0.305358 0.511878 0.478447 0.833054 -0.360977 -0.460933 0.276825 0.231447 -1.71089 -0.497162 0.059896 0.130965 0.0664659 -0.310532 -0.502204 -1.07156 -0.601345 -0.175668 -0.414229 -0.506793 -0.476298 0.293695 0.516251 -1.0936 -0.927461 1.08087 0.805068 
1.07124 -0.741413 0.883863 -0.229893 1.06989 -0.188237 0.17842 0.238984 0.298448 -1.37671 -0.785058 1.30999 1.11309 -0.160048 -0.899954 -0.739763 -1.14898 0.229157 0.25889 -1.195 -0.422784 0.827332 -0.98184 -0.497282 0.751617 0.851052 0.697569 0.106153 -1.32471 -0.37182 0.177117 0.177245 -1.08397 1.00086 0.130366 -0.114817 -0.421387 0.218223 -0.821985 0.173342 1.35035 -1.33415 -0.705626 -0.0142975 0.581109 -0.378751 1.06961 0.0283819 0.995848 1.38182 0.0247649 -0.345845 
1.11307 0.80242 -1.34112 0.234482 -1.61926 -0.0979021 -1.21615 1.02459 -1.20557 0.665714 -0.383876 -0.00809963 1.42684 0.858919 -0.267721 0.251381 -1.10644 -0.540579 -0.790976 -0.285183 0.55201 -1.39357 -1.32714 -1.28009 0.465189 1.41355 0.848218 1.10843 0.602338 0.560005 1.08591 0.336866 1.20857 0.685375 1.37877 0.636274 0.888443 0.867822 -1.06764 -0.2483 -0.895826 -0.567381 -1.44541 -1.25243 0.275466 1.14229 -0.805663 0.350166 -1.14731 0.213879 -1.26018 0.10007 
-0.976967 0.0351076 -0.176011 0.238311 0.251076 0.816201 -1.08086 0.971586 -0.721313 1.32761 -0.648624 -0.349771 -0.459281 -0.282859 1.72185 0.345002 -0.231086 -0.714348 -0.449467 -0.201789 0.0164356 -0.734322 0.178983 0.192123 0.995547 -0.654331 -0.554646 -0.245755 -0.189461 0.738691 0.720443 0.542568 -0.389211 -0.262263 1.58777 -0.155924 1.16948 -0.730615 -0.44205 -0.862527 0.60484 0.469911 1.1857 1.39041 1.44647 -0.310174 0.373634 -0.0758999 1.28584 -0.419142 -0.441103 0.440551 
-0.755702 0.499029 -0.338068 -0.48455 -0.698731 -0.174335 0.426116 -0.316964 -0.294103 -0.481109 -0.560564 -0.5311 -0.602031 0.563242 -0.480201 -0.627319 0.0645848 -0.214602 -0.350051 -1.91533 0.57671 0.0178644 0.755524 -0.0599938 -0.501426 0.269376 -0.351683 0.673376 -0.375094 0.186845 -0.278852 -0.183904 0.0425069 -0.233436 0.812019 0.0702625 -0.965793 0.37504 -0.108949 -2.03536 -0.326581 0.719141 0.522266 -0.425531 0.591411 1.17916 0.0122099 0.130707 0.0825948 -0.346249 -0.167625 0.288622 
0.0895034 -0.487552 0.249662 -0.431912 -0.330131 -0.306152 0.886456 0.607595 0.610502 1.09064 1.01733 0.480097 0.217418 -0.312296 0.272422 -0.813556 -0.488501 -0.446102 0.645456 -0.44372 -0.686488 0.762202 -0.0949142 -1.00683 -0.430218 1.47472 -0.461202 -0.304624 -0.374726 0.88428 0.843938 -1.3205 0.0515976 -0.15242 0.714611 -0.38514 -0.591027 -0.976015 0.406904 -0.876874 0.0550551 -0.212715 0.438441 -0.0960418 0.153012 -0.346421 -0.448915 0.72321 -0.454293 -0.15757 -0.607012 -1.31695 
0.454334 0.377923 0.165884 0.706319 0.748977 0.744489 -0.0889526 -0.0245744 0.31914 -0.00298467 0.135193 -0.451374 -0.156367 -1.27671 1.20855 -0.627874 -0.420813 -0.405182 -0.0493464 1.3658 -1.46034 0.911746 -1.15491 -0.675364 0.167173 0.316687 -1.31124 1.18794 -0.642811 -1.33091 -1.21475 0.631375 -0.705716 -0.832662 -0.197445 0.746793 -0.980156 0.325972 -0.130212 1.16222 -0.719995 0.624846 0.398638 0.845189 0.0753604 -1.38409 -1.31722 0.432948 -0.766921 -0.960425 1.27198 0.744931 

