Output Values for the hidden layer
5.09288e-05
1.30446e-05
5.90338e-14
0.000158943
5.08034e-07
2.84428e-14
1
0.999793
9.49217e-05
1
3.18746e-06
1.04481e-05
0.000657871
0.999834
0.99905
2.02601e-10
0.00074392
1
1
0.999975
0.000100738
2.3468e-07
0.00059834
2.18974e-10
4.80931e-07
8.14592e-12
0.999999
0.998336
0.999631
1
1.45982e-09
8.9589e-09
1
1.25617e-10
0.999808
0.000261044
0.999932
0.999609
9.7918e-07
1
0.140226
1.85058e-08
5.64035e-10
1.90151e-05
0.000728612
2.20594e-16
1.06416e-07
1
0.999955
1
2.77026e-05
0.00118837
1
6.65282e-05
0.997971
0.999002
1
0.000157934
8.32775e-07
1
0.00012354
0.976393
2.3658e-08
0.999397
0.00229249
2.79511e-13
1
0.999474
1.01166e-06
1
6.41647e-10
0.000295458
1
1.04491e-12
1
0.000241719
1
2.45482e-06
2.19499e-11
1
9.5945e-07
0.999986
9.16015e-06
7.12574e-07
1.44785e-05
2.60471e-09
0.999871
0.000201798
1.09031e-06
1
1.59795e-08
0.00046615
1
6.47706e-07
0.000251204
0.00221241
1
0.00071041
0.000316685
1
1.16293e-09
1
8.42529e-05
7.61402e-11
0.00102154
1.51312e-08
1.10494e-05
0.000489394
8.15714e-06
1
0.999704
0.00127044
1.14938e-09
5.43885e-09
0.990926
0.999871
0.000485416
0.999995
0.000531523
0.999937
0.999648
3.05295e-07
9.86118e-12
0.000799349
0.99793
1.54451e-17
0.000173623
1
1
0.999999
7.21713e-07
0.00142126
0.999355
1
0.000346322
0.000888328
1
1
1
2.44718e-05
2.58993e-07
0.000634311
0.999998
0.00289005
0.999819
2.73544e-05
0.000358596
1
0.999994
0.999955
1.11827e-05
0.999715
1
0.981859
0.999248
0.000305316
0.998677
1
0.000288808
3.6861e-07
3.45804e-08
0.995987
0.999951
1.45251e-05
0.00143366
0.0118707
1.85813e-05
1
0.000325238
0.9997
3.54696e-06
0.00431515
0.993878
0.208976
0.998085
0.999955
3.06212e-06
1
0.00254579
0.0203298
1
3.83265e-06
7.02015e-06
0.00490466
0.999984
0.000103515
1
1
0.999291
3.45971e-05
7.45175e-16
0.999928
1
0.00263905
1
0.999173
0.998618
0.999999
0.999646
0.999952
7.01127e-20
1
0.000814664
0.999968
1.11948e-07
2.11173e-08
2.94072e-05
1
0.000176639
0.00022286
0.999901
2.1312e-07
2.45265e-05
0.997576
0.998808
0.999999
0.998601
1
0.999993
0.999819
2.8091e-08
9.93864e-09
0.999989
0.999964
1.13227e-05
0.999124
1
1
2.07537e-05
0.999996
0.000292566
0.000108947
0.00705328
0.999962
0.999973
0.99999
0.00225431
1
0.995735
2.47452e-05
2.38301e-06
3.20023e-08
7.52628e-13
1
0.999994
9.35252e-06
0.999778
1
1
0.000109942
0.000138969
1.68188e-10
4.18098e-13
0.000360023
1
1
1
1
1
6.2952e-12
1.20575e-07
1
3.11047e-16
9.89535e-05
0.999999
0.000249272
1
1
1
6.88442e-22
0.999996
0.00100396
0.000465001
5.93833e-06
0.999999
1
0.999999
0.999699
1
1.06487e-10
0.000943925
0.682872
5.86845e-17
1
1
0.999995
1
1
0.000374096
0.000235267
0.999993
9.21901e-07
0.999623
0.000174261
1
1
1
1
1
1.05011e-06
3.81349e-05
0.000250064
1.2036e-15
0.00310588
1.94112e-11
0.999783
1
1
1
0.000137421
1
7.18622e-05
3.43826e-18
0.000260652
0.000114359
0.999809
0.999993
1
1
0.999198
4.82896e-09
0.00577236
2.48196e-19
0.000429698
1
0.999972
1
1
7.49973e-05
3.01341e-09
1
0.999997
1.02869e-24
0.00139807
4.06061e-12
0.000265346
1
0.999831
0.999824
0.999999
0.000236739
0.999928
0.999934
0.00073729
1
0.999999
1
1
9.84042e-06
0.00058571
0.999012
0.147251
1.62973e-07
0.999844
0.999537
0.999322
0.885347
1
1
0.000245348
0.999631
0.00457198
1.4346e-07
2.54894e-12
1
0.999998
1
1
0.999998
1
3.78984e-07
0.999998
0.000152191
0.499582
9.10684e-05
0.000187902
0.998503
0.997536
0.99997
0.000133231
1.71872e-07
0.00167931
0.999739
0.999032
0.000800342
0.999652
1
6.79902e-05
0.999088
0.999978
0.000750913
0.000337212
9.3388e-09
0.00382372
0.999731
1
4.72408e-05
1
0.999045
0.999104
1.04999e-10
0.246669
0.00027864
2.37272e-13
1
0.999561
4.96423e-05
1
1
4.79561e-06
1
0.999367
4.09633e-17
3.89742e-07
0.999942
0.999999
1
1
1
2.27158e-07
2.94975e-09
0.999999
0.999838
0.00168918
0.99895
3.36644e-06
0.000170604
1
1
1
0.999088
1
2.4184e-05
0.0147809
0.000357058
0.999563
0.000104304
0.999848
2.19626e-06
6.94892e-07
0.999983
0.00117472
0.00126872
0.99995
3.37817e-07
2.59017e-08
1
1
0.000476963
1
0.999999
0.999979
1.75649e-06
0.00306806
0.999984
0.999932
0.999989
0.999933
3.49642e-06
0.999934
1.52419e-05
1
0.999993
0.999991
1
1.5045e-07
1.78975e-07
4.74915e-06
0.998704
0.998893
0.00120961
0.999796
1
0.999995
0.102442
0.999998
2.65728e-09
1
0.999984
1.02426e-05
1
1
0.998569
0.999993
2.29223e-07
3.75002e-09
0.000571075
0.988009
0.00359292
1
0.999997
1
0.00225133
0.00114172
5.96095e-05
0.000125941
0.99972
0.999943
7.98164e-07
1
2.82104e-06
1
1
0.999973
0.999985
0.999997
2.77929e-06
5.7168e-12
1
0.996401
0.999924
0.999994
0.998352
0.0120913
0.987641
0.00224677
0.000966076
0.00714749
0.999955
0.0023918
