-0.5555 -0.52768 -0.0630369 0.973843 0.695499 0.0503175 0.659901 -0.453903 0.148849 -0.825282 0.761814 0.223129 -0.534589 -0.755595 0.0274895 -0.674924 -0.979328 -0.0724995 0.0624142 0.583496 0.756053 0.993953 -0.745123 0.248258 
0.671619 -0.916772 0.00467575 -0.00792134 0.615687 -0.29876 0.523726 0.964567 0.0762572 0.92174 0.606627 0.794047 0.540835 -0.845099 -0.474254 0.0679946 0.992761 -0.329864 -0.191108 -0.768588 0.781585 -0.903238 -0.0490134 -0.652115 
0.793939 -0.864402 0.673466 -0.453382 -0.106918 -0.0640095 -0.923453 0.440157 0.51514 -0.033702 -0.390384 0.157632 -0.9282 0.00163734 0.454568 0.442521 -0.0216578 -0.627653 0.89836 0.803623 -0.977185 0.652039 -0.169971 0.0482441 
0.122545 -0.616293 0.170112 -0.845009 0.880404 -0.96859 0.769148 -0.464954 0.386879 -0.359254 -0.89285 0.59805 -0.584641 -0.42141 -0.657194 -0.181137 0.695559 -0.414945 -0.983384 0.965578 0.400473 -0.137397 -0.540553 0.285491 
0.293954 -0.582963 0.109354 0.0620784 0.731926 0.967349 0.826106 0.60468 -0.994507 -0.922442 -0.178321 0.78011 -0.649838 -0.91854 -0.69214 0.0531853 -0.031935 -0.156015 -0.48426 -0.614013 0.872099 -0.264579 0.621982 0.922115 
-0.598051 -0.0823568 0.890652 0.0837533 0.196772 -0.102436 0.0130262 -0.200961 -0.0321433 0.593794 0.274011 -0.224082 0.688557 0.120398 0.0469794 -0.427774 0.0607226 -0.171424 -0.6866 -0.0336972 -0.484648 0.0438639 -0.814904 0.28909 
0.0355321 -0.101123 0.401669 0.530574 0.348205 0.661931 -0.833829 -0.646286 -0.0019151 -0.706252 0.20436 -0.49592 0.0368049 0.356519 -0.0827079 0.0702157 -0.35397 0.976748 0.752387 -0.33936 0.711099 -0.542174 0.601845 0.286795 
-0.978952 0.885496 -0.54828 -0.997901 -0.3147 -0.718796 0.0193797 -0.678103 0.471666 0.416684 0.801137 -0.938392 -0.487574 -0.604847 -0.388337 -0.398295 -0.87199 -0.516849 0.861687 -0.557997 0.548658 0.0198796 0.258155 0.453576 
-0.85626 0.680265 -0.707601 0.0478959 -0.511746 0.238608 0.145991 -0.994167 -0.81099 0.196579 -0.919748 0.893742 0.11938 0.404978 0.1711 0.956976 -0.744058 0.673223 0.871307 0.140369 -0.655791 0.130366 -0.461749 -0.358724 
0.97054 -0.476199 -0.580746 -0.45115 0.400503 -0.530029 0.352454 0.786928 -0.164934 0.490672 0.734457 0.468873 -0.445057 0.131027 -0.156457 -0.827257 -0.186187 -0.824661 -0.301378 0.0264277 0.194392 -0.323447 -0.915515 0.066294 
0.925847 0.296991 -0.245848 0.359212 -0.603158 -0.702539 -0.131244 0.124782 -0.355855 -0.876804 0.797568 0.280146 0.330565 0.205896 0.487288 -0.682948 0.0534059 -0.687544 0.584013 0.194481 0.258519 0.902275 -0.928634 0.207863 
0.878576 0.566201 -0.668169 0.364112 -0.273378 0.667649 -0.0714133 0.280254 -0.451078 -0.933793 -0.20078 0.607438 -0.566217 -0.506394 0.449277 -0.952784 -0.340174 0.517707 0.426085 0.496671 0.0325271 -0.111466 -0.658498 0.790769 
0.147246 -0.954811 -0.571859 0.968867 0.2465 -0.48934 -0.238826 0.120279 0.0448561 -0.19004 -0.469529 0.587174 -0.81027 -0.433105 -0.907405 0.946632 0.947259 -0.977589 -0.224312 0.796268 0.117285 0.117392 0.977149 -0.154005 
-0.127308 -0.466006 0.498404 0.786716 0.501212 0.025398 -0.855806 -0.830642 -0.89997 0.514473 -0.957111 -0.50487 -0.100711 0.754689 0.866331 -0.740767 0.281626 0.713027 -0.396019 -0.978078 0.924909 0.172641 0.659924 0.988271 
-0.0480892 -0.262592 0.646185 -0.830066 -0.456369 -0.51869 -0.507873 0.161911 -0.936702 0.943161 -0.18004 0.594854 0.51482 0.379497 0.624696 -0.102404 0.537824 -0.873409 0.448597 -0.218106 -0.435702 -0.737984 0.662539 -0.0149791 
0.104005 -0.537407 -0.975345 0.174569 0.526431 0.827075 0.968143 -0.0774499 -0.295282 -0.210457 -0.492659 -0.804943 0.3318 -0.540617 -0.412969 0.53523 0.521279 0.284964 -0.985563 0.429424 0.156637 0.135755 0.376979 -0.790342 
0.27688 0.120075 0.234007 -0.823301 0.143369 -0.388757 -0.450554 -0.619722 -0.757277 -0.175796 0.767232 0.138283 0.780712 -0.649365 0.273313 0.849019 -0.269056 0.216815 -0.253813 -0.281443 -0.11902 -0.206838 -0.579878 -0.705264 
0.688889 0.830906 0.993566 -0.801192 0.305878 0.445794 0.0834321 -0.0982576 -0.00787741 0.0213885 0.972073 -0.911027 0.0271214 0.633368 0.640284 0.447972 0.336867 -0.873511 0.507212 0.45285 0.325379 -0.35051 -0.335395 0.562327 
0.772191 -0.086458 0.575296 0.463959 0.661673 -0.0755599 0.316437 0.754155 -0.428832 -0.175107 -0.20822 -0.740061 -0.270031 0.708173 0.0674257 -0.166898 -0.260211 -0.978411 0.520459 0.16997 -0.796961 -0.70043 0.0203489 0.799347 
0.677113 0.441159 -0.104798 0.202062 -0.918476 -0.732334 -0.879266 0.85747 0.814499 -0.864753 -0.0847909 0.207776 0.905664 0.941291 0.212432 -0.856759 0.15521 -0.413177 -0.494948 0.680509 0.69954 0.523226 0.224711 -0.771282 
-0.98538 0.722714 0.311592 -0.298767 -0.825541 0.181599 -0.305038 -0.586577 0.0091033 -0.519639 0.777173 -0.469777 0.301011 0.0612264 -0.945485 -0.57641 0.281388 0.262096 -0.375763 -0.856022 -0.568265 -0.931932 -0.299868 -0.642054 
-0.66169 0.211981 -0.888998 0.909869 0.167492 0.909612 -0.402065 0.907366 0.430119 0.658651 -0.722798 0.290739 0.664424 0.117855 0.229407 -0.209626 0.407759 -0.579313 0.150747 -0.434808 0.64946 0.749631 -0.410736 -0.994386 
-0.742158 -0.378806 0.811475 -0.100921 0.946816 0.997832 0.497991 -0.0548304 -0.827313 0.883909 0.248482 -0.549973 0.548699 0.590544 -0.300296 -0.290366 -0.903002 0.0580134 -0.870023 -0.406338 -0.665861 -0.634917 0.905519 -0.685613 
-0.121803 0.309614 -0.439202 0.628071 -0.0926778 -0.851379 0.305925 -0.943568 -0.27987 -0.208549 0.389786 -0.182272 -0.369135 -0.401559 0.543022 0.820157 -0.552891 0.70806 -0.505505 0.0363481 0.917294 0.180776 0.797243 -0.155519 
0.987591 -0.804621 -0.0451149 0.707513 -0.0852496 -0.403647 0.143769 0.217077 -0.807544 -0.526058 -0.825002 -0.287532 -0.0639296 -0.277821 -0.424433 0.704086 -0.455906 0.0836881 -0.904561 -0.0130253 -0.824808 0.960451 -0.854613 0.877063 
0.410899 -0.489194 0.197309 -0.239281 0.252786 -0.436606 -0.693697 0.302158 0.345469 -0.121982 -0.985025 -0.469999 -0.159397 -0.958697 -0.503597 -0.0570772 -0.643512 0.124497 -0.636889 0.833751 0.601808 0.127274 -0.635305 0.116188 
-0.344765 -0.54068 0.729006 0.256254 0.236452 0.276822 -0.331982 -0.549467 0.480215 0.0429096 -0.761029 -0.69605 -0.806518 0.762865 -0.724619 0.733771 -0.824438 -0.421741 0.832296 -0.714854 -0.183035 -0.929906 -0.267105 0.765464 
-0.989181 0.34012 -0.570541 -0.472543 0.0433332 0.228234 0.958638 0.93003 -0.622679 0.585782 0.996397 -0.0381906 -0.296187 0.918238 -0.655685 -0.657119 -0.748519 0.806815 -0.356717 -0.358066 -0.758106 0.671639 -0.167651 -0.922895 
0.651236 0.114973 0.455217 0.2533 -0.207057 0.973506 0.190944 -0.537898 0.490617 0.356847 0.628667 0.809938 0.785344 -0.795463 -0.104889 -0.335007 -0.952431 -0.256157 0.391796 -0.859644 0.185413 0.249087 -0.161793 0.456374 
0.823237 0.0660907 0.670911 -0.0196943 0.953384 0.622643 -0.651758 -0.46649 0.601208 -0.203061 -0.198042 -0.370193 0.0637649 0.723206 0.362898 0.522055 0.961876 -0.874302 -0.554425 -0.720571 0.374732 -0.292425 0.982238 0.180286 
-0.67042 0.938033 0.825911 0.329615 0.907242 -0.477585 -0.187197 -0.635437 -0.401585 0.37307 0.902302 -0.75401 0.779322 -0.135702 -0.360799 0.541107 0.970163 -0.087038 0.61325 -0.489054 0.29052 0.118601 0.933494 0.879498 
0.947803 0.804047 -0.420756 -0.142121 0.371581 -0.324479 0.913367 -0.820375 -0.253509 0.575611 0.386751 0.546458 0.864873 0.572499 -0.458831 0.580633 0.551177 0.770051 -0.0184301 -0.223443 0.718767 -0.00961798 0.775308 0.708749 
-0.55879 -0.787786 -0.712572 0.685214 0.136325 -0.502881 -0.86881 0.239054 -0.900514 0.426322 -0.189277 -0.461075 -0.0850652 -0.729662 -0.427768 0.570583 0.789148 -0.773304 0.269972 -0.876668 0.428302 0.51795 0.404572 -0.545283 
-0.78576 -0.830897 -0.85279 -0.434623 0.377523 -0.917308 -0.053388 0.476263 -0.288325 0.486763 -0.886821 0.87186 -0.541315 -0.0512428 -0.965794 -0.625601 0.0429806 -0.555798 0.813266 0.790522 -0.381911 0.411129 -0.128471 0.136918 
-0.302129 0.214935 -0.153924 -0.837429 0.209801 -0.0938269 -0.879782 -0.286335 -0.442722 0.563151 0.116801 -0.241968 -0.484324 -0.238175 -0.407557 -0.332613 0.183202 0.944856 0.117631 0.0916106 0.0671428 0.220972 0.996019 0.0508119 
-0.485788 -0.169601 0.951256 -0.55033 0.808006 -0.039263 -0.63525 -0.790641 0.236432 0.432869 0.662646 0.0164456 -0.119231 -0.296113 -0.37043 0.300351 0.857671 -0.103119 0.613973 -0.915533 0.239586 -0.310138 0.208331 0.287848 
0.809375 -0.486575 -0.977637 0.207954 0.0486223 -0.960812 -0.533625 -0.0852435 0.961812 -0.246218 -0.367779 -0.321312 -0.473957 0.670971 -0.652866 -0.265764 -0.615993 -0.752535 0.834631 -0.535882 0.712523 0.661345 0.257741 -0.134337 
0.42038 -0.607873 -0.134162 -0.0545924 0.731644 -0.648882 0.884794 -0.536509 -0.655662 0.141923 0.613988 -0.946254 -0.622849 -0.71063 -0.417225 -0.881053 0.920436 -0.415262 0.487881 -0.471068 0.573575 -0.0222703 0.0378631 0.463969 
0.597617 -0.426952 0.27604 0.694134 -0.0222594 -0.54334 -0.184852 0.168388 0.0644971 -0.915204 0.294415 0.351135 -0.802236 -0.591315 -0.843938 -0.473297 -0.815802 -0.549953 -0.779155 0.585538 -0.724672 -0.00848234 0.528475 0.723863 
0.671246 -0.213055 -0.554059 -0.429014 0.150415 0.176389 0.907427 -0.922137 -0.793755 0.112513 0.366839 0.315655 -0.0460263 -0.489416 -0.233318 -0.0283238 -0.438808 -0.722203 -0.533916 0.87792 -0.372736 -0.0819163 -0.543831 0.127992 
0.805906 -0.216765 -0.365329 -0.344837 -0.415764 -0.222698 0.612261 -0.586827 0.600607 -0.00678074 0.456364 0.70747 -0.591998 -0.388413 -0.912355 -0.962378 -0.945276 -0.900912 0.481427 -0.771683 -0.206429 0.945997 0.692605 0.586974 
-0.937592 0.658721 0.337391 0.211286 0.229456 -0.745827 0.765702 0.351002 0.403541 -0.674389 0.133345 0.382925 0.142445 0.659041 -0.367358 -0.305363 -0.350487 -0.391122 -0.064006 0.28299 -0.672911 0.449927 -0.536104 0.150244 
-0.705449 0.179201 0.160426 0.618516 -0.825119 0.160273 0.492719 0.626372 0.642252 0.164823 0.549518 -0.993585 -0.234676 0.32792 0.665873 0.370315 -0.499061 -0.747001 0.167461 -0.580055 -0.563815 -0.0298521 0.0686789 -0.992054 
-0.537645 0.972134 -0.925409 -0.321733 0.326599 0.639723 0.0726297 -0.0259796 -0.669437 -0.529171 0.587522 -0.470374 -0.809908 0.988399 -0.192096 -0.867874 0.702148 0.210057 0.531216 0.672936 -0.964391 -0.493888 0.283944 0.0349585 
-0.289575 -0.869923 -0.528285 -0.501663 0.249759 0.339078 0.59757 -0.0828879 -0.332396 -0.951164 0.909761 0.454542 -0.759561 0.187368 -0.357086 -0.385487 0.111955 0.634815 -0.824721 0.882836 -0.501703 -0.84331 0.40743 -0.37105 
-0.705518 -0.547189 -0.854123 0.593536 0.281589 -0.118777 -0.813579 -0.241564 -0.174456 -0.907265 0.643905 -0.634554 -0.947222 0.804095 0.617487 -0.957668 -0.521206 0.184549 0.703334 0.387218 -0.719965 0.0334226 0.304629 0.830347 
0.914403 0.109022 0.267851 0.609395 -0.171172 0.786141 -0.830408 0.174771 0.6504 0.818175 0.015236 -0.483101 0.142805 -0.971931 -0.328937 0.772187 0.177555 0.310042 -0.0572684 0.403904 -0.0910475 -0.961225 -0.732882 0.577534 
0.830431 0.399068 0.616561 -0.681859 -0.265086 0.126643 -0.987372 0.691217 0.556301 -0.776344 -0.928538 0.609496 -0.0425682 0.945654 0.499128 0.152159 0.0695773 -0.464052 0.183 0.600996 -0.122054 -0.978298 0.914596 -0.883019 
0.0545274 -0.608602 -0.704501 -0.479449 -0.501449 0.186015 0.585085 0.826786 0.835944 0.729328 0.63452 0.0806251 0.537923 0.345217 0.469575 -0.0819347 -0.506166 0.713567 -0.441562 -0.685674 -0.0966243 -0.104525 0.45513 -0.760667 
-0.40962 -0.0355434 -0.823678 -0.584909 -0.397404 0.708305 0.2351 0.0950936 0.424637 0.981689 -0.283576 -0.860711 0.664715 -0.980088 0.444003 0.837854 0.198099 -0.721795 0.876467 0.870037 0.571302 0.35162 0.414114 -0.666017 
-0.41262 -0.704546 -0.817469 0.332227 0.0148846 -0.32744 -0.392716 0.364203 -0.0443745 -0.576235 -0.0732942 0.997281 0.459054 0.119127 0.39287 -0.859538 0.444805 -0.71638 0.833636 0.334389 -0.0388563 -0.392498 -0.12598 -0.986657 
-0.489354 0.266518 -0.789123 0.155223 0.430465 -0.141941 -0.887008 -0.663229 0.609728 -0.33042 -0.0632234 -0.618584 -0.164212 -0.321316 0.954138 0.0237305 -0.196465 -0.704081 -0.229122 0.202069 0.748914 0.236695 0.884353 -0.708488 

