Output Values after the Softmax Function
0.831336
0.000335496
0.0624858
0.0280209
0.00220857
0.000173769
0.0185501
0.000367741
0.00256912
0.00680184
0.000196447
0.000276612
9.24325e-05
0.000413725
0.000251185
0.000319429
0.00259599
2.9306e-05
0.000454211
0.00100702
5.86502e-05
0.0011645
0.00570784
5.06687e-06
0.000426964
0.000353379
0.000198586
6.96137e-05
0.000281449
5.65581e-05
0.00167847
0.00455603
0.00175244
0.00136732
8.49002e-05
1.18881e-05
0.00238487
0.000742854
0.000149043
0.000323987
3.28121e-06
3.48767e-05
0.000121628
1.72376e-05
0.00887052
0.00141126
1.62637e-05
3.64289e-06
0.000137744
0.00951752
3.56255e-06
1.6962e-06
5.09547e-05
0.893934
0.00131198
0.000467001
0.00969787
7.68311e-06
0.00169394
0.000179013
1.71248e-06
1.72252e-06
7.68002e-05
0.000138036
0.00988998
0.000288994
0.0135778
3.45861e-05
2.29536e-05
0.000114226
0.00013885
0.000116222
0.000239248
0.0101747
0.000103797
0.0197427
0.0147768
0.000143655
0.00023549
8.18883e-06
0.000236582
1.07133e-05
2.31656e-06
1.15491e-05
2.75504e-06
7.40697e-05
4.59923e-07
0.00035392
0.000582406
2.01045e-05
0.000134689
0.00886993
0.000395633
4.39528e-06
0.00218644
1.99862e-06
0.000619444
2.75721e-05
0.0079856
0.000267905
0.000482738
1.79939e-06
0.000513651
4.38101e-05
0.0510304
0.00132338
0.813821
0.00226767
0.0503626
3.27057e-05
0.00312009
9.97078e-05
0.00102291
0.00196936
6.2096e-05
1.30014e-05
0.000430604
0.00260629
0.00120433
3.43002e-05
0.000441674
2.22593e-06
0.00195927
0.00367327
1.23657e-05
0.00270783
0.000485192
2.71865e-05
0.00196603
0.00263128
0.000826997
0.000121648
1.07967e-05
9.82364e-05
0.00843788
0.0126825
5.58831e-05
0.0159905
8.87569e-06
1.70025e-05
0.00678771
0.0064886
0.000930006
0.00156826
3.31421e-05
8.92318e-05
0.000366406
5.51513e-06
0.00132442
8.26596e-05
3.67999e-05
1.32992e-05
3.40784e-05
0.000673025
4.97405e-06
5.16246e-06
0.0174639
0.000186295
0.00117613
0.860241
3.38772e-05
0.00346459
0.000495698
0.0575252
0.000155319
0.00970178
9.47485e-06
0.0002348
0.000169723
0.000143537
0.0175065
0.00799793
0.00294394
0.00297412
0.000372838
0.00232906
3.53116e-06
0.00047891
0.00264247
2.06454e-06
0.000325609
0.000270106
0.000318335
1.74637e-05
0.000166996
0.00201672
9.05737e-06
1.22019e-05
0.0014356
3.71305e-05
0.00131695
4.27848e-06
0.00123787
7.47125e-06
5.82357e-05
0.000135862
3.96962e-06
6.71659e-06
0.00216288
6.43248e-07
0.000400098
0.00100379
0.000209642
1.11288e-05
0.000235896
0.000276578
2.28414e-05
4.37738e-05
0.00285673
0.0124214
0.057262
0.000573982
0.846667
8.8693e-06
0.000465104
2.32806e-05
2.45288e-05
0.000151119
0.000437318
0.000279489
0.0143759
0.000581873
0.0109229
5.3409e-06
0.00169955
2.62169e-05
0.000412392
0.00112114
7.18986e-05
0.00149711
0.000203733
0.000253311
0.000193595
0.000203092
0.000231633
6.55611e-05
2.73629e-06
5.52871e-05
0.000468219
0.00824395
4.71917e-06
0.012196
1.95937e-06
1.41621e-05
0.00380041
0.000742885
0.00021225
0.0149462
0.000706863
4.19608e-05
0.00380058
8.27506e-05
0.000569938
4.26543e-05
0.000148885
0.000112273
0.000474372
0.000197734
4.58001e-05
5.16244e-05
0.000307974
4.26024e-06
3.23592e-05
0.00321332
6.95863e-07
0.890035
2.04544e-05
0.0509747
0.000678665
0.00659408
9.00582e-06
0.0004948
6.84527e-06
6.09777e-06
0.000662973
0.000115612
4.76648e-05
0.00172669
1.88173e-06
0.0115874
4.28428e-08
0.00263947
0.00318461
7.10354e-06
1.01906e-05
0.000579487
4.12251e-06
3.11539e-05
0.000278373
0.00283387
3.07964e-05
7.65441e-05
0.00251025
2.18857e-06
0.00345577
1.99944e-05
0.00446443
1.18529e-07
0.00387219
0.00076554
4.62554e-06
2.9355e-05
6.5433e-05
1.89984e-06
1.66478e-05
0.00325404
0.000113143
1.76071e-05
1.01064e-05
8.37427e-06
0.00518114
1.11577e-05
0.0156815
0.00172836
0.00256827
0.000573689
0.000135527
6.27899e-06
0.882123
2.65436e-05
0.0179094
0.000268461
0.00704901
7.51229e-06
3.2161e-06
0.00110522
2.4935e-06
0.00347666
0.00262058
2.91972e-06
1.42337e-05
0.00064764
0.0160907
0.000715416
0.00671563
2.70358e-05
0.00100608
9.44873e-06
0.000241877
4.34926e-07
0.00435412
2.09809e-06
0.000122128
0.0001206
3.39453e-05
0.00119171
8.98106e-05
7.38309e-05
3.14097e-05
0.00597353
0.000270714
1.77996e-05
1.3661e-07
2.06415e-05
0.000146702
5.72191e-05
0.0116689
0.00180797
0.000829598
8.88299e-05
0.00183119
0.0104539
5.15612e-05
4.45726e-06
0.000944147
5.75242e-05
0.000244324
0.0549824
3.17613e-06
0.0498162
0.000132924
0.815887
0.00276896
0.0480964
3.61451e-05
7.08927e-05
9.49238e-05
3.80083e-05
0.00730051
0.00235828
0.000270862
0.000334661
0.000105088
0.00286435
2.21451e-07
0.00149773
0.000551786
1.18451e-06
0.000179352
0.000165003
8.48708e-05
8.18345e-06
5.89733e-05
0.00173457
1.87448e-06
7.0234e-06
0.000212906
2.14857e-05
0.000760087
7.46243e-06
0.00207385
1.11841e-06
0.00090728
0.000100048
6.44915e-07
8.21284e-06
0.000808657
1.79232e-07
0.000120696
0.00113184
0.0024969
5.51153e-06
6.88257e-05
7.47009e-05
0.000412222
9.03713e-05
0.00799634
3.96884e-05
0.00223297
0.000227591
3.86721e-05
0.000464355
0.0158566
0.000781359
0.865026
0.00601811
0.048588
8.75308e-06
7.65154e-06
3.18327e-05
5.29564e-06
0.000563349
0.00153268
8.5733e-07
2.71116e-05
0.00690267
7.57203e-05
0.000470549
0.000272538
5.63161e-07
4.65966e-05
4.8695e-05
0.000695811
2.39134e-06
6.02482e-05
6.59989e-06
0.000128822
0.000432604
3.77776e-05
0.00517214
0.000490143
4.94922e-06
0.00053392
0.00156218
0.000750086
0.00010091
2.40847e-07
0.000219451
0.000359865
5.3797e-05
0.000290349
0.00990437
0.000923416
9.15173e-06
7.5646e-05
0.020695
0.000202984
2.21695e-05
0.00696734
1.18426e-05
0.00316957
0.0107588
9.17051e-05
0.0118367
0.000711235
0.0466873
0.0166814
0.869076
0.000140752
2.23671e-05
1.78422e-05
0.000746008
0.00122761
0.000784134
0.00401364
3.15881e-05
2.83764e-05
0.00421935
9.62493e-07
0.000753398
0.0064239
5.02526e-07
3.37169e-05
3.81723e-05
9.83966e-06
3.32229e-06
1.9399e-05
0.00158534
9.38969e-05
0.000541919
5.38587e-05
0.000335766
0.000434335
4.91645e-06
0.000907424
2.90536e-05
0.00829807
2.74384e-05
1.19112e-07
6.40201e-06
0.000238108
1.50656e-06
0.000829643
0.000285503
0.000535026
1.30229e-05
0.000312804
0.000760436
0.000169354
2.85344e-05
0.00127912
0.00094594
0.000449655
0.000134649
0.00149625
0.000312604
0.00666938
0.000399224
0.049419
0.000997806
0.859091
0.00026747
0.00033276
1.7089e-05
0.000123932
0.000224324
0.0158833
2.51199e-05
8.21292e-06
0.00596107
0.00098627
0.000440339
0.000300231
1.45911e-05
1.29598e-05
1.20209e-05
0.000527521
1.8235e-06
3.84639e-05
5.63516e-06
2.0105e-05
0.000431503
8.25735e-06
0.00595662
0.000290626
6.03146e-06
0.000478574
0.000454301
0.000402484
0.00275285
1.31188e-05
0.000157542
0.00891443
0.00115235
0.000180189
0.00873086
0.00880287
0.000193413
0.00151349
0.0087396
0.00411243
0.000310091
0.000196595
0.000217868
4.27692e-06
0.000687358
0.000101548
0.00084975
8.27565e-06
4.76081e-05
7.73578e-07
2.24612e-06
1.92889e-05
0.913103
0.0137988
2.13549e-07
0.000219751
1.39873e-06
1.67046e-05
0.00422812
3.99543e-05
8.88325e-05
6.40936e-06
0.00545848
0.000198923
7.53503e-05
1.28595e-06
1.98827e-05
3.04458e-06
0.00251031
0.000213357
0.000274055
3.3226e-06
0.00188448
0.00121273
3.3127e-05
2.15697e-05
0.000237835
0.022272
6.89583e-08
5.36786e-06
0.00815068
0.000509853
0.000342178
9.97211e-05
0.00225147
0.0004909
0.018913
4.45948e-06
9.19458e-06
0.000409026
0.000202641
0.000501671
5.1806e-05
3.64236e-05
0.0116862
0.000412519
0.000954282
0.0103485
8.83426e-06
8.94257e-06
0.000206728
1.22553e-06
4.60788e-06
2.40319e-05
0.00612383
0.893086
8.21579e-06
0.0116128
3.05868e-06
1.58036e-05
6.23579e-05
0.00963121
7.86534e-05
6.92416e-06
0.00715301
2.86891e-06
6.72927e-05
0.000104764
4.19287e-05
0.000261736
0.00114365
1.73229e-06
0.000287313
9.84498e-07
0.000464888
3.26532e-06
0.00371431
4.89368e-07
0.000126126
0.0291682
5.55498e-06
7.64028e-06
0.00512771
0.000716544
0.000241622
0.00370116
6.64309e-05
0.000524743
0.000382777
0.000222273
1.03541e-05
0.000680258
0.000125263
5.50393e-05
0.00126878
3.85662e-05
0.00027774
0.00600383
0.000675183
0.000303221
5.79208e-06
0.00113263
5.22383e-05
1.93093e-05
0.000655945
1.85164e-07
1.14028e-07
5.081e-06
0.927846
0.000358651
0.0049698
0.000169701
2.78399e-05
0.000548863
0.000479708
0.000336085
0.000253937
0.0033861
0.00056608
0.0169804
0.000340662
0.000130039
1.35882e-05
0.000287164
0.00681798
0.00276508
5.26937e-05
8.84138e-06
0.000358101
0.000103049
0.00137208
1.37563e-05
0.0110904
0.00496553
1.20214e-06
7.87332e-06
1.78881e-05
9.35305e-05
1.81138e-06
0.000979665
7.76363e-07
0.000209218
0.00431011
0.000813544
9.07273e-06
1.60713e-05
0.000127234
7.44045e-05
0.00767592
0.0013427
0.017779
0.0130256
0.000187931
1.54422e-05
0.00341943
1.53057e-06
0.000200756
2.30032e-05
0.00014539
0.0148438
0.000213156
0.845457
0.000148878
0.00225187
0.00285465
0.000210842
0.00316732
4.27776e-06
0.000453409
0.000108113
0.00012584
0.000182685
0.000214329
0.000435195
1.00286e-05
1.79299e-06
0.00128907
3.09301e-06
1.46984e-05
4.31729e-06
0.000217324
3.51844e-05
3.26561e-06
0.00135895
8.3179e-06
8.48504e-05
0.00773621
0.000942578
5.3326e-06
0.0697389
1.91589e-06
1.62623e-05
2.23794e-05
0.00196872
0.000375131
0.000510714
3.58629e-06
0.000280002
0.000805192
1.76792e-05
0.000140364
7.04625e-06
0.00629052
9.93041e-08
2.81722e-05
0.00426525
0.000576301
0.000172914
2.60243e-05
1.10333e-05
9.36164e-07
9.94659e-07
0.00236434
2.62601e-05
0.920308
0.000502975
0.00116528
0.00011551
0.000583287
0.00805114
3.07977e-05
0.00086093
5.13865e-05
0.0041578
5.21872e-05
0.00410866
1.6575e-06
0.0146198
0.000677497
4.73848e-06
4.74478e-08
0.000186035
1.48876e-05
0.0202193
0.000369967
1.7385e-06
0.000773757
3.09389e-05
4.4953e-07
2.25285e-06
5.389e-05
0.000969843
8.70002e-06
0.000111375
0.000377114
0.00221467
0.00278806
0.00148349
0.000117439
9.76648e-05
0.000959275
0.00116437
0.000109713
0.000166587
0.00396558
0.00223357
3.41619e-05
0.00111094
7.92729e-05
0.000315316
0.00163646
0.0131233
7.79441e-05
6.45382e-05
0.000138636
0.00110077
0.00195595
0.902112
0.00069837
2.00246e-06
0.00531658
0.00127898
9.45871e-06
0.00252936
1.44215e-06
1.05893e-06
1.13514e-06
0.000113286
1.29926e-07
6.92678e-06
6.92072e-05
8.64681e-06
5.0925e-05
3.80961e-06
0.001355
0.00143641
2.67017e-07
2.10853e-05
0.000245355
3.01099e-05
0.000140681
5.90344e-06
6.23428e-06
0.0386435
0.000419915
5.85571e-05
0.00044612
0.000631571
0.000906119
0.012627
0.00296785
0.000196298
0.000381612
2.10757e-05
6.06801e-05
2.33925e-06
0.00477207
7.63275e-06
0.00446458
7.18594e-06
0.000150032
1.82358e-07
7.38436e-06
7.88643e-07
0.00382397
4.54954e-05
7.99643e-05
0.0027296
0.00113256
0.00038469
0.909214
8.41833e-06
0.00126637
7.97968e-05
8.44711e-05
0.00455277
0.00209216
3.2228e-05
0.000687022
4.44078e-05
0.000289909
0.00380721
0.0120438
7.46604e-05
9.09621e-06
0.0102692
8.29147e-07
0.018381
0.000261266
0.00010824
1.58042e-06
3.93229e-05
0.000771125
0.00787289
8.86413e-05
0.000677318
0.000278778
8.89987e-06
0.000345275
2.11452e-05
0.00665143
0.000329269
2.09095e-06
0.00160181
0.000312704
3.27912e-05
0.000212211
0.000808768
0.00160391
3.43896e-05
8.18583e-06
1.07517e-05
0.000160844
8.51761e-06
5.12864e-06
1.07026e-07
8.27194e-05
0.00960746
0.000272604
0.000212523
0.000217561
6.37491e-07
2.33537e-05
0.860073
8.85473e-05
1.17663e-05
0.00237764
2.08296e-06
3.68167e-05
0.00615019
0.00333386
0.00903765
0.0629931
4.5908e-05
0.00848123
0.000119447
0.000182543
0.00027647
0.00364944
2.97404e-05
0.00437391
0.00948561
0.000611575
1.19537e-05
3.02008e-05
0.000474283
0.0114774
0.000139139
3.13615e-05
0.000537898
0.000326259
1.34711e-05
1.35535e-05
4.46862e-05
0.000283409
2.2117e-06
0.00195091
0.000284028
9.76623e-05
0.00159291
0.00238159
0.000145129
0.00989403
0.000188978
0.000670243
0.00129445
0.000310506
0.000221146
3.73515e-05
3.90556e-05
0.000193926
0.00178014
0.00116063
0.0025784
0.00140657
2.80399e-05
0.872932
1.37732e-05
0.00117337
0.00136456
6.03022e-05
7.86136e-05
0.00732043
0.00389032
3.91282e-05
8.54892e-05
0.00355498
0.00126126
0.000277314
0.000361029
0.00131388
0.0285737
1.82045e-05
0.00464376
0.00044319
0.00229153
0.00982264
0.000601561
0.00144498
0.0191914
0.000111945
4.13229e-06
0.00482711
0.000474493
0.00304394
7.45549e-05
8.02352e-05
0.00584298
0.000478617
6.38331e-05
0.00309314
3.62563e-05
5.78441e-05
0.0001205
4.56442e-07
0.0348224
9.18224e-07
7.97803e-05
1.46193e-06
0.00197596
1.61196e-05
1.12397e-05
0.00188111
4.20478e-06
0.00732031
0.00219769
0.000162331
2.02643e-05
0.000103628
0.898029
3.54818e-05
0.00104238
0.00169826
0.000780091
7.98408e-06
0.00091731
2.36648e-06
0.00821137
7.82347e-06
6.57231e-05
8.43191e-06
2.35714e-05
0.000300792
0.000367406
0.000653306
1.4174e-06
0.010951
2.16897e-05
1.38199e-05
4.75173e-05
9.52486e-05
0.00064316
0.00240433
0.000790076
0.000224186
0.000843213
0.00977259
0.00884801
0.000814649
0.000156335
0.000252184
9.32069e-05
0.00586729
0.000763552
0.000179297
0.000228919
0.000544917
0.000608414
0.000143761
2.53084e-05
9.91868e-06
2.53585e-06
0.00430177
0.00414578
0.000267001
0.000102864
8.7447e-06
5.438e-07
5.10324e-05
0.00100306
0.000547476
1.79575e-05
0.750749
0.000916692
0.00509244
0.00299341
0.000848239
2.03915e-05
0.00570873
0.00395881
0.00177901
0.000244862
0.00965485
0.000279302
0.000561888
5.18927e-06
0.0855046
0.0818925
1.50306e-05
0.00406778
0.0022894
0.000107172
0.00178076
2.39834e-05
0.000127777
0.0163635
0.00331928
0.000143322
9.62368e-05
0.00043858
5.8432e-05
0.00198511
6.00253e-05
0.00454802
3.97629e-05
0.000492812
0.00160769
7.19831e-05
0.00289665
0.00665007
0.000100893
9.59232e-05
0.00543657
5.92923e-06
0.000134239
5.49776e-07
0.00429921
5.21027e-05
0.000262701
0.00133721
0.000567734
2.73892e-07
0.00175388
4.50208e-05
0.0020384
0.934743
0.000147271
4.24346e-05
2.65007e-05
1.86679e-07
2.28471e-06
0.00691708
0.000831326
0.00150621
0.00166665
0.000575082
8.72156e-06
0.000401509
0.000201195
0.000115827
1.32707e-05
0.0131738
3.82321e-05
5.00644e-07
2.35145e-06
8.72748e-06
1.88879e-05
0.00465729
0.000164617
2.40146e-05
0.000442505
0.00119943
4.79208e-05
0.000584646
7.82668e-07
1.27368e-06
0.0145605
3.57739e-05
1.46795e-05
0.000141386
4.6457e-05
6.81783e-05
2.3958e-06
8.80786e-08
2.37702e-08
7.83972e-07
0.000210881
0.000173408
0.00043371
0.000281502
2.56893e-05
9.11371e-07
0.00349157
3.51258e-05
0.000243937
0.000527683
0.00289215
0.000256521
0.856558
0.00702779
0.00519512
0.000155939
0.000688137
0.00986539
0.000239018
0.000379572
2.59337e-05
0.000322109
4.45208e-06
4.09716e-05
0.0206734
0.000192461
3.53358e-05
0.000254277
0.00567277
0.0532672
0.00028059
8.71878e-05
0.000112547
2.83426e-05
3.15555e-05
0.000108729
0.0124351
4.92058e-05
1.02221e-07
0.00276241
6.16038e-05
4.80197e-05
0.0167186
0.00269551
0.000815616
3.38841e-05
7.39717e-06
0.00209243
0.000143963
1.23814e-05
1.9972e-06
3.56843e-07
1.94111e-06
0.000111132
0.00988139
0.000259446
0.00253138
9.68793e-07
4.43604e-05
0.0129321
0.00013686
0.000418327
0.00348516
7.76285e-05
0.0110969
0.890582
0.0119443
0.00850444
0.000471718
0.00639716
0.000328361
0.000294639
4.76097e-06
0.000242699
7.63688e-05
2.90988e-05
0.0125522
0.000198128
0.00231048
0.000217468
5.48246e-05
0.000275018
0.00021819
8.59142e-05
9.85445e-07
0.000652014
2.4425e-05
0.000497081
0.000362169
3.26352e-05
4.25134e-06
2.12769e-05
6.99694e-05
0.000300436
0.000186
0.00303109
0.000615233
4.54969e-05
0.00141249
4.09105e-05
3.89741e-05
1.49914e-05
2.51091e-06
2.83872e-07
0.000109603
7.06641e-05
0.000344561
0.000255214
0.000128899
2.00989e-06
0.00122959
0.00321184
0.00907899
1.10015e-05
0.00268761
0.000176065
0.0049736
0.00875455
0.729837
0.00830942
0.0445874
0.00237488
0.00406992
0.0491483
0.000655538
0.0447926
0.000108379
0.00234486
0.00264746
0.00901384
0.000777497
0.000332072
0.00654666
0.0433891
0.0129095
8.56342e-05
6.5078e-05
1.52561e-05
0.000649088
4.00678e-06
0.000454273
1.30327e-06
6.4702e-06
0.000112628
3.93724e-05
6.41115e-05
0.000374468
0.00154361
0.000520366
1.52079e-05
5.683e-06
0.000332622
3.62483e-05
0.000454234
1.28118e-06
2.90383e-05
6.36713e-07
5.63534e-05
0.000244845
5.51327e-05
0.0061521
2.88294e-05
2.39591e-05
0.0148131
0.00488519
0.00045997
7.64765e-05
2.72229e-06
6.22769e-05
0.0118828
0.0181854
0.878974
0.000332723
0.00011839
0.000131362
0.000434326
3.88234e-06
0.000213804
0.00273873
0.00201206
9.15981e-05
0.000217124
0.0406808
9.81047e-06
0.00014028
0.00105901
0.00724844
0.00327348
2.69139e-05
4.6918e-06
0.000546948
0.000164578
0.000281796
6.54408e-06
0.000182812
1.09878e-05
0.000788336
2.82305e-05
4.08716e-05
0.000282267
0.000248738
1.98062e-05
0.000391263
4.26586e-06
2.66828e-05
5.50001e-06
1.85387e-06
7.00906e-08
0.00153336
0.00184002
0.00011324
5.14125e-05
2.79594e-05
2.95785e-07
0.000320643
0.0408833
0.000956382
5.87565e-06
0.0109821
3.12738e-05
0.000574645
0.000909794
0.031339
0.00117142
0.641257
0.000562269
0.0368479
0.00518779
0.00525553
0.00869122
0.00098225
0.000361085
0.0304422
0.0545823
0.000169717
0.000133318
0.000618205
0.00912523
0.109472
2.99676e-05
0.000878067
0.000191412
0.00249417
1.59252e-06
0.00011334
1.70209e-05
8.36752e-05
7.31869e-05
0.000638795
0.000122602
0.000256243
1.28667e-05
0.000226952
1.61262e-07
0.000355882
0.00659479
1.44772e-05
8.92734e-05
4.59584e-07
7.61008e-06
9.81342e-05
7.39017e-07
0.000169197
1.01197e-06
0.00616323
5.55691e-06
0.00190346
2.93496e-05
0.000774173
0.0047143
0.00103785
0.00302347
0.0063831
0.00572871
0.00322303
0.000904579
0.000274065
0.883628
0.000125489
0.000765454
8.56283e-06
0.0380696
3.75335e-06
0.0096356
0.0140329
6.02786e-05
0.000264622
0.000108854
7.61592e-05
0.000179266
0.00147729
1.49056e-05
0.000267255
0.000207763
0.00662758
4.57435e-05
0.00151063
4.68736e-05
4.38559e-05
0.000668716
1.58543e-05
3.26472e-06
3.4967e-06
5.14711e-05
0.00111583
6.53662e-06
0.00136771
4.55055e-07
0.000178461
1.48833e-06
3.55968e-05
9.76606e-09
0.000304434
0.00047488
0.000574469
0.000449399
0.000173262
3.68242e-06
0.00226821
0.00679724
0.00240029
1.1428e-06
0.00169075
0.000124707
7.36705e-05
9.77588e-05
0.00410734
0.000162109
0.0485016
8.14178e-05
0.889026
0.00103526
0.000803767
0.00133321
0.000310078
0.00235502
0.00536537
0.00920695
3.29729e-05
0.000352746
5.25804e-05
0.00150621
0.0121457
0.00011647
0.000202833
4.44388e-05
0.000331063
3.28028e-06
0.000603204
9.85418e-05
1.84296e-05
0.000142034
0.0038631
0.000785408
1.37757e-05
0.0139783
4.27989e-05
0.000466634
0.000118336
7.88132e-05
7.97693e-07
3.22486e-05
1.61796e-05
3.94864e-07
1.21952e-05
4.72446e-06
0.00242716
1.52511e-05
1.53645e-05
1.05824e-05
4.09567e-05
0.00030879
0.00471619
1.71748e-05
0.000482407
0.000729835
0.000753321
0.000592117
0.059445
0.00034209
0.00636338
0.000279332
0.0013154
0.865713
0.0178101
0.00398227
0.000601901
0.000472228
0.000624175
0.00139104
0.00720089
0.00108411
0.000631833
0.00281159
0.00354604
8.9639e-06
0.000192895
3.77134e-05
5.79007e-05
3.09949e-07
0.000382201
2.12674e-06
2.34267e-05
1.64691e-05
4.42919e-06
0.0012182
1.68912e-05
0.00780359
4.19109e-05
0.00373074
0.000126027
3.88334e-05
3.31106e-06
7.0393e-05
0.000152909
2.92667e-06
0.00099729
0.000632658
0.00010675
1.72211e-05
2.83215e-07
8.79246e-06
2.35636e-06
0.000350029
0.00121188
9.93444e-07
0.0152564
0.000387013
1.4864e-05
9.12936e-06
0.000312385
4.41801e-06
0.00525373
9.49468e-06
0.00113391
0.0114144
0.860241
0.000100878
0.0113722
4.82531e-06
0.000411636
0.0691863
0.000116083
0.0012323
0.000888084
3.94606e-05
0.00210964
8.03627e-06
0.000612394
0.00178594
0.000710624
5.11928e-07
8.24358e-06
5.05647e-05
0.000751967
3.15122e-05
8.01189e-06
0.00286653
2.77467e-05
0.000136292
0.00445365
1.16758e-06
0.00443834
0.000145053
8.49249e-05
2.28346e-05
5.12424e-06
5.47123e-07
0.00136472
8.8894e-06
3.21984e-05
3.10678e-05
0.000720569
7.08523e-06
0.0095321
0.000436783
0.00149398
3.13919e-05
0.000678358
0.00121907
0.000543798
0.00111563
0.0575844
0.00119893
0.0148839
0.0366031
0.00137763
0.00575246
0.000138083
0.823118
5.55051e-06
0.0135197
0.00108937
0.00185796
5.34435e-05
3.15201e-05
0.000797523
0.00252865
0.00302084
1.70728e-05
0.000122191
5.97787e-05
0.00665178
1.06512e-06
7.45543e-05
3.13828e-06
5.49007e-05
4.84364e-05
7.77753e-06
0.000771577
0.000101421
0.0117892
0.000105051
0.00370493
1.50648e-06
0.000942498
9.1527e-06
0.00634009
0.000231928
0.000891213
1.72251e-05
0.00149723
0.000225591
1.10308e-05
4.00869e-05
0.000374117
1.36086e-07
0.00476998
0.00193272
0.000123578
0.0012954
1.7849e-05
5.54632e-07
3.68413e-05
2.3005e-05
0.00137903
0.000115878
1.41124e-06
0.000108389
0.000298618
0.0151381
1.42514e-06
0.851632
1.22405e-05
4.2441e-05
0.00494587
0.0179766
0.000108601
5.64855e-05
2.84415e-06
0.00350285
0.000909952
0.000751137
0.00164015
0.00177827
6.27149e-05
1.51945e-05
0.000756987
0.0630241
9.16926e-06
0.000475092
6.0137e-05
9.25138e-07
4.36169e-06
0.00259956
7.34137e-08
0.00295243
4.96972e-05
8.73487e-05
0.000116859
1.80107e-05
4.9163e-06
2.90711e-05
3.47281e-07
4.83831e-05
1.41283e-05
0.0268562
0.000569284
0.0178677
1.56653e-05
0.02103
0.000125282
1.38274e-05
0.00113558
1.37588e-05
2.42057e-05
0.00173133
0.00217666
8.43771e-05
0.00325843
0.0046208
0.000431782
3.55736e-06
0.0187031
1.15057e-05
0.883992
4.67254e-05
4.2862e-05
0.000145546
2.75232e-05
2.91484e-05
0.000190946
0.00173081
0.000527573
0.000316199
1.54318e-06
0.00552326
1.05577e-05
0.00202422
3.4643e-05
9.76788e-05
0.000300002
0.000299641
2.32724e-06
0.000856354
5.36185e-05
3.37424e-05
9.6057e-06
6.89431e-05
9.02499e-05
1.08691e-05
3.0772e-06
3.19063e-07
1.40165e-07
0.000506932
0.00060952
0.00101129
1.10784e-05
7.87994e-05
1.07239e-07
0.000181865
0.0051327
0.000184859
0.000225336
0.0464382
0.000162572
0.0221555
0.00903683
0.00311745
0.000206456
0.0429427
0.0159103
0.00891273
0.000894918
0.000797449
0.000888355
0.000234406
6.73604e-05
0.805165
0.00477593
0.000170136
0.000736637
0.000128743
0.00147171
0.0202472
1.19032e-05
0.000710271
0.00193005
0.000871852
3.65043e-05
0.00129898
0.000240942
1.88431e-05
0.000728597
0.000619457
0.000694924
0.000344869
0.00252599
0.000895349
0.00054384
0.00224177
3.08204e-05
0.000241376
4.99824e-05
3.54155e-05
3.24132e-06
0.013311
0.0140681
2.27919e-05
0.000427039
3.60882e-06
2.53326e-06
0.000105481
0.00539765
0.00353044
9.77182e-07
0.127397
0.000140479
0.000147727
0.000202785
0.00570058
0.000162427
0.0541921
0.000122103
0.0051994
0.000966893
0.0471144
0.00168233
0.00309649
3.62198e-05
0.00262244
0.665518
1.90672e-05
0.000568765
0.013778
0.000906318
0.0115545
0.000116383
0.000313091
0.0010836
0.0120595
1.01182e-05
1.49065e-05
4.70174e-05
0.000314379
0.000327935
0.000107607
0.000158891
0.000296667
0.010142
4.20365e-05
0.000262598
6.18084e-07
0.00737175
1.50407e-06
0.0018366
1.14173e-05
9.46315e-05
1.05095e-07
5.34897e-06
0.0152179
4.21944e-06
0.00297857
0.000184043
1.44802e-06
0.00159781
0.00263218
0.00799407
8.66791e-05
7.44604e-05
0.000143443
0.00798064
0.00149215
0.033726
4.01696e-05
0.00020506
6.4766e-05
0.00998894
0.00012421
2.01367e-05
0.0169925
0.000403889
0.000319462
3.07755e-05
0.871671
0.000223577
1.44938e-05
6.18193e-05
0.00205724
0.000409876
0.000133787
0.000116008
6.73946e-05
0.000126021
0.00157392
8.4804e-05
0.000746979
1.04275e-05
0.000174695
1.1148e-05
3.56045e-05
0.000979053
6.12432e-06
0.000113007
0.00575661
0.000221055
0.000283773
0.000501486
0.0056959
5.28948e-06
1.40709e-06
1.05303e-06
0.0052401
7.63066e-05
6.13148e-06
1.54473e-05
3.58264e-06
2.45007e-07
0.0058063
4.40547e-07
0.010868
0.0121829
0.000333091
7.89644e-05
8.89194e-05
1.53662e-07
1.37958e-06
6.91317e-05
0.000909805
0.00115466
0.00196325
2.01395e-06
4.34919e-05
1.79361e-05
0.00036812
0.000406437
1.28104e-05
0.934508
0.000100695
6.07912e-07
5.44436e-06
7.25644e-06
1.24832e-06
0.000153727
8.0627e-06
0.000474211
0.000588763
6.35726e-05
6.77177e-07
0.0108227
3.61812e-06
0.000253895
0.00810017
0.00117273
0.000281858
0.0103992
0.00117346
2.69187e-05
3.88902e-05
1.65941e-06
1.72246e-06
4.92249e-05
0.00629306
0.00505888
8.14172e-06
0.0106699
1.42523e-06
3.80507e-05
0.00255591
2.76492e-05
0.00614002
5.14939e-06
0.00635169
0.000190274
0.00723343
0.000117985
0.00700349
0.000184257
0.00062058
7.19524e-05
0.00010642
0.000307906
0.00126808
0.000408157
8.39086e-05
2.96915e-05
6.11109e-05
0.0211498
5.42674e-06
0.000165676
0.847035
0.0500745
0.00020876
0.00174575
0.000106611
1.17893e-05
0.000590099
5.23399e-05
0.000272663
1.56906e-05
2.19639e-06
0.00220676
1.98948e-05
1.28751e-05
0.00142975
0.000162372
8.95463e-05
0.000478051
0.000256722
9.38507e-06
5.10215e-06
7.26215e-07
1.11967e-07
5.76478e-06
0.000783889
0.000784645
5.59861e-05
0.00117116
3.2672e-05
1.35429e-05
0.0105487
0.000271565
0.00490848
0.000123753
0.000620379
5.52258e-05
0.0350832
0.00066749
0.0509981
0.00486618
0.00729103
0.000546661
0.000869324
0.00246429
0.000172089
0.0024837
8.14963e-05
0.00100443
0.000925243
0.00201118
0.000178281
5.53044e-05
0.059026
0.793424
0.00567869
0.00144774
0.00103618
2.24263e-06
0.000367046
2.29906e-05
0.00586796
1.24944e-05
1.87639e-06
0.00123876
0.000355585
6.98952e-06
2.17748e-05
6.75695e-05
4.39452e-05
5.14174e-06
0.000100891
1.88576e-05
5.54919e-06
0.000143472
4.58843e-07
6.26446e-06
0.000223553
0.000378758
4.56948e-05
3.61363e-06
0.000231273
2.6208e-06
0.000115666
0.0120503
0.00736861
0.000167258
0.001975
9.92933e-06
0.000154872
0.00025103
0.00983397
0.0213048
0.0655015
0.000473658
0.0069405
0.00267352
0.00120553
0.00175828
0.00888574
0.00498715
0.0101083
0.0101477
0.00329884
5.97458e-05
0.000363151
0.00572604
0.780203
0.000327622
0.0135948
2.89209e-05
0.0214896
1.04968e-05
0.000794726
4.43495e-05
0.000932147
0.000319467
0.0055872
1.98027e-05
0.00436729
0.000345532
0.00336845
0.00363995
5.20604e-05
7.31796e-05
0.00076233
4.31206e-05
5.3563e-05
0.00222232
2.27265e-05
0.00327766
9.22419e-05
0.063743
0.00132278
0.0215763
0.0011042
6.66489e-05
0.0263387
0.000130802
8.71762e-05
3.68134e-05
3.61878e-05
5.37605e-05
7.21456e-05
0.00852249
1.09848e-06
1.6119e-06
0.000260857
1.71659e-06
3.63288e-06
9.3602e-07
0.00212437
0.000524345
1.15751e-06
0.000271299
0.000174434
4.08263e-05
0.0048829
0.00063538
4.09474e-05
0.822236
3.2023e-05
2.62742e-06
0.000207499
0.0139228
0.00282834
0.00142963
4.3139e-05
0.00131298
0.00758765
1.62197e-05
3.51401e-06
1.65865e-06
7.6453e-06
3.08554e-05
1.04598e-05
3.29643e-05
7.48227e-08
1.55029e-05
5.87553e-07
0.000171052
0.00555188
8.10357e-05
9.88939e-06
3.62071e-07
3.62344e-05
0.000289349
0.000514287
2.77413e-05
0.00031103
0.00583312
5.09034e-05
0.000191032
4.12496e-05
3.69882e-07
9.06805e-06
5.44221e-05
0.00138092
0.000337814
0.000380652
0.000502735
0.00401863
0.000365779
0.00166399
0.00195448
0.000739007
0.000167773
0.000354861
6.04611e-06
6.74966e-05
0.000679
0.0205387
9.68526e-05
0.931767
0.000107042
0.00993482
1.24295e-06
0.00138719
0.00210146
0.00690512
0.000243715
0.00100472
0.00565729
0.000686435
0.000952112
0.0012301
0.000217733
6.34045e-06
0.021136
8.15791e-05
0.000264279
0.000761429
2.1013e-05
0.000671536
0.000382016
0.00087201
6.55985e-06
9.32195e-05
4.49515e-05
2.00629e-06
0.000582412
9.04633e-06
0.000320033
0.0152573
0.00360714
1.1014e-05
0.000359293
1.22516e-06
1.94184e-06
5.66246e-05
0.00118978
9.49346e-05
2.43089e-05
0.0040206
3.05311e-05
0.00123197
1.03343e-06
0.00243906
0.000958046
7.06688e-05
0.000233831
2.74903e-06
4.40993e-08
2.49804e-05
4.82475e-06
5.1979e-05
0.913672
0.000820482
5.07657e-05
3.24104e-06
0.00921881
0.0125468
7.71854e-06
8.44736e-06
0.0013858
2.33432e-05
2.30246e-05
0.000973417
3.07103e-06
0.00154201
0.000403949
9.33755e-05
0.00162126
1.52098e-05
0.000451035
0.0206204
0.000310015
7.34378e-07
3.13391e-06
0.000138286
6.50035e-05
0.000249921
0.000183192
0.00367745
6.53426e-05
0.0049681
0.000263834
3.7379e-06
6.10597e-06
0.000119008
0.00034691
0.00157605
0.00134836
0.000282973
4.90415e-05
0.00193089
0.00529898
0.00117869
0.00235916
0.000307984
0.0216507
2.08342e-05
2.06445e-05
0.000827091
2.77719e-05
0.0158588
0.000208084
0.00746179
0.000553616
0.87616
1.481e-05
1.42742e-05
0.000248352
0.0243754
0.000514894
0.000153716
5.34713e-08
0.00858064
8.02819e-06
1.61568e-05
5.26461e-05
6.83231e-05
0.00014657
0.00242244
0.000148334
2.76596e-05
0.0025226
8.25408e-07
0.000200333
0.000106679
0.00236894
0.000361772
0.000160247
2.26047e-05
1.3075e-06
0.00189753
5.74191e-05
0.000599193
1.8731e-05
0.000267517
0.000164476
2.45982e-06
0.000108908
2.02052e-08
7.00834e-06
2.86713e-05
3.34749e-08
1.57815e-07
8.68121e-09
8.36337e-05
1.65847e-05
2.47401e-05
2.07968e-05
7.7852e-06
0.00169659
0.000222521
4.56154e-06
2.92493e-06
0.0239436
1.37503e-06
4.4553e-06
2.45278e-05
0.891157
0.00341691
0.00146154
8.19246e-07
0.0542287
0.00331231
1.99627e-07
0.000151535
1.45029e-05
2.41595e-06
0.000233116
1.03735e-05
0.000133954
2.31653e-07
2.89128e-06
1.36201e-06
3.11851e-05
1.98749e-06
1.93706e-06
0.0117453
3.19628e-05
0.000443698
0.0010253
0.000961396
4.97487e-07
0.00613452
0.0101876
4.0163e-05
0.00263048
0.0128041
4.33437e-05
5.31945e-05
5.34238e-05
2.1983e-06
0.000403819
0.000903131
0.00120527
4.17114e-05
2.62669e-06
0.000141562
0.00201095
0.000772043
2.67108e-06
0.00233275
0.00201645
8.32237e-05
0.00113592
0.000166293
0.00114864
0.00253411
5.15255e-06
9.67042e-06
0.000345505
0.92454
0.00264679
1.86155e-06
0.00973104
0.00107624
8.62163e-06
0.000255892
2.87995e-06
0.000190599
0.00024571
1.36824e-06
0.00143268
2.0584e-05
3.86519e-05
0.000211197
0.0016435
0.00020052
0.000304503
0.000328544
3.22063e-05
0.00064535
0.017221
4.98165e-05
2.96692e-06
5.29022e-05
0.00774809
0.000139525
0.0016954
3.41029e-06
1.02532e-06
4.31974e-09
1.27684e-06
1.14866e-07
3.14516e-05
0.00012694
1.34182e-07
4.88836e-05
6.93854e-08
0.00141804
1.89079e-05
6.0885e-05
9.43743e-06
2.6739e-05
5.37777e-05
1.30223e-06
8.4868e-08
4.97994e-06
0.00174479
0.00136426
0.00676561
0.000286442
0.00235786
0.000882425
0.94521
0.00443831
0.000477171
0.0021936
0.0117036
2.39429e-05
0.000843985
0.00122238
0.000151756
7.57856e-06
0.005217
3.20324e-05
0.0149592
0.000760976
0.00264214
0.000342945
0.000301088
3.36835e-05
2.17548e-06
0.000352134
0.00207788
1.69088e-06
0.0010326
0.000499265
0.000546094
0.000520912
0.000197542
9.63496e-08
7.45198e-06
2.88284e-06
0.000309067
6.18253e-05
3.42956e-05
5.91696e-05
5.53725e-05
0.00507768
4.1698e-05
0.0681625
0.000110626
2.77217e-05
0.00162646
0.00191804
1.6427e-05
1.08923e-05
2.62845e-07
0.00127904
0.000284969
0.00219538
0.0102571
0.0284019
2.61751e-05
3.92302e-06
0.00288607
0.833516
6.20384e-06
0.000147724
2.26274e-08
0.00083484
1.38962e-06
1.23801e-06
1.50239e-05
0.00161194
2.92989e-05
0.000198913
4.72392e-05
4.92126e-06
0.000812739
7.57045e-06
1.90111e-05
2.2528e-05
0.000283518
2.33467e-05
3.65335e-05
0.000154806
3.10325e-08
0.0100971
1.45528e-05
0.00138996
0.000141224
0.00213682
1.23985e-05
1.1532e-05
7.00717e-06
1.02654e-07
4.37605e-05
6.22344e-05
7.26716e-07
2.24761e-06
1.35844e-07
1.11175e-05
9.97601e-05
8.81957e-05
5.89807e-05
1.08333e-06
0.00951737
0.00224467
4.37774e-05
1.38815e-05
0.0025419
1.91565e-05
8.0041e-07
9.24586e-05
0.0529248
0.0144539
0.000279775
1.1909e-07
0.899042
0.000541101
2.74403e-09
2.33625e-05
5.01184e-07
1.53207e-05
3.69165e-06
2.24724e-05
1.97877e-07
0.000497905
2.03295e-05
6.68313e-06
3.01067e-05
7.11334e-06
0.00392648
2.74615e-05
0.000401566
0.000424476
2.2879e-05
6.23426e-05
0.00113589
0.000596438
1.83829e-05
6.30816e-05
2.10303e-07
6.27265e-06
9.05124e-06
6.55944e-06
0.00144799
5.51903e-05
4.18909e-07
0.00910973
1.37301e-07
1.27571e-06
8.89676e-08
0.00234864
0.000295266
0.000179802
0.000142689
3.47016e-05
4.009e-05
9.73895e-06
0.000137999
0.00257006
0.017548
0.000227101
1.21139e-06
0.000119132
0.00668693
0.00178298
0.00133957
2.67543e-05
0.00222745
0.946338
