4.79193339
4.60569768
4.48124055
4.39336828
4.33439360
4.28509756
4.23347534
4.18263887
4.14351092
4.10743282
4.07348860
4.04139590
4.01077620
3.98135895
3.95294559
3.92533144
3.89827878
3.87144730
3.84415824
3.81521365
3.78592231
3.75778205
3.72956850
3.70276501
3.67628343
3.64768263
3.62117750
3.59816343
3.57558692
3.55315742
3.53084184
3.50865991
3.48636639
3.46412264
3.44269267
3.42210845
3.40214974
3.38243467
3.36226867
3.33984163
3.31278679
3.29084664
3.27150324
3.25256752
3.23285809
3.21110362
3.19023648
3.17016317
3.14832593
3.12725486
3.10881560
3.09122119
3.07417761
3.05750782
3.04102286
3.02453607
3.00775865
2.99005032
2.97168614
2.95551539
2.94026955
2.92528140
2.91033008
2.89516204
2.87967046
2.86452108
2.85008493
2.83595408
2.82191963
2.80782384
2.79336274
2.77768495
2.75922036
2.74255028
2.72886113
2.71565082
2.70268778
2.68989077
2.67722656
2.66468697
2.65227237
2.63997016
2.62774211
2.61552910
2.60327521
2.59100265
2.57887739
2.56702581
2.55540030
2.54392549
2.53255581
2.52126065
2.51001206
2.49877899
2.48752986
2.47625488
2.46501057
2.45391156
2.44301831
2.43230390
2.42172498
2.41125309
2.40087159
2.39056979
2.38033973
2.37017441
2.36006686
2.35000919
2.33999169
2.33000167
2.32002188
2.31002835
2.29998774
2.28985197
2.27953935
2.26886766
2.25748588
2.24569236
2.23505067
2.22514529
2.21546769
2.20592062
2.19646926
2.18709131
2.17776467
2.16846048
2.15913851
2.14975008
2.14026763
2.13075874
2.12139761
2.11228341
2.10337281
2.09460239
2.08593585
2.07735465
2.06884835
2.06041034
2.05203594
2.04372160
2.03546445
2.02726206
2.01911223
2.01101293
2.00296213
1.99495775
1.98699761
1.97907932
1.97120036
1.96335813
1.95555024
1.94777512
1.94003290
1.93232648
1.92466200
1.91704771
1.90949122
1.90199676
1.89456460
1.88719258
1.87987779
1.87261751
1.86540939
1.85825153
1.85114227
1.84408022
1.83706419
1.83009312
1.82316609
1.81628228
1.80944097
1.80264150
1.79588327
1.78916574
1.78248841
1.77585081
1.76925252
1.76269312
1.75617224
1.74968951
1.74324459
1.73683714
1.73046685
1.72413341
1.71783653
1.71157593
1.70535133
1.69916247
1.69300909
1.68689093
1.68080775
1.67475931
1.66874538
1.66276572
1.65682011
1.65090832
1.64503015
1.63918537
1.63337377
1.62759515
1.62184928
1.61613598
1.61045504
1.60480624
1.59918940
1.59360430
1.58805076
1.58252857
1.57703753
1.57157745
1.56614813
1.56074938
1.55538099
1.55004277
1.54473452
1.53945606
1.53420719
1.52898770
1.52379742
1.51863615
1.51350369
1.50839985
1.50332445
1.49827729
1.49325819
1.48826694
1.48330338
1.47836731
1.47345854
1.46857689
1.46372218
1.45889422
1.45409283
1.44931783
1.44456904
1.43984628
1.43514938
1.43047815
1.42583241
1.42121200
1.41661675
1.41204647
1.40750100
1.40298017
1.39848380
1.39401173
1.38956380
1.38513983
1.38073967
1.37636314
1.37201009
1.36768035
1.36337376
1.35909017
1.35482941
1.35059133
1.34637578
1.34218258
1.33801160
1.33386267
1.32973565
1.32563038
1.32154671
1.31748449
1.31344358
1.30942381
1.30542505
1.30144715
1.29748996
1.29355333
1.28963712
1.28574118
1.28186537
1.27800954
1.27417355
1.27035725
1.26656050
1.26278316
1.25902507
1.25528611
1.25156611
1.24786493
1.24418243
1.24051845
1.23687286
1.23324549
1.22963621
1.22604485
1.22247126
1.21891529
1.21537678
1.21185559
1.20835154
1.20486450
1.20139432
1.19794084
1.19450394
1.19108350
1.18767941
1.18429159
1.18091999
1.17756459
1.17422540
1.17090248
1.16759593
1.16430586
1.16103240
1.15777569
1.15453581
1.15131280
1.14810663
1.14491719
1.14174429
1.13858770
1.13544713
1.13232227
1.12921281
1.12611844
1.12303886
1.11997378
1.11692290
1.11388595
1.11086260
1.10785252
1.10485535
1.10187066
1.09889797
1.09593669
1.09298612
1.09004539
1.08711344
1.08418895
1.08127026
1.07835532
1.07544170
1.07252665
1.06960744
1.06668224
1.06375160
1.06082046
1.05789912
1.05500114
1.05213766
1.04931264
1.04652324
1.04376365
1.04102842
1.03831349
1.03561620
1.03293486
1.03026836
1.02761598
1.02497721
1.02235167
1.01973910
1.01713924
1.01455192
1.01197698
1.00941426
1.00686364
1.00432501
1.00179825
0.99928326
0.99677994
0.99428821
0.99180797
0.98933915
0.98688165
0.98443541
0.98200034
0.97957637
0.97716343
0.97476144
0.97237034
0.96999005
0.96762050
0.96526164
0.96291339
0.96057569
0.95824848
0.95593168
0.95362525
0.95132911
0.94904321
0.94676748
0.94450187
0.94224632
0.94000076
0.93776514
0.93553940
0.93332349
0.93111734
0.92892091
0.92673414
0.92455696
0.92238934
0.92023121
0.91808251
0.91594321
0.91381323
0.91169254
0.90958108
0.90747880
0.90538564
0.90330156
0.90122651
0.89916044
0.89710329
0.89505502
0.89301557
0.89098491
0.88896299
0.88694974
0.88494514
0.88294913
0.88096166
0.87898269
0.87701217
0.87505006
0.87309631
0.87115088
0.86921372
0.86728479
0.86536404
0.86345143
0.86154692
0.85965047
0.85776202
0.85588155
0.85400900
0.85214434
0.85028751
0.84843850
0.84659724
0.84476370
0.84293785
0.84111963
0.83930901
0.83750595
0.83571042
0.83392236
0.83214175
0.83036855
0.82860271
0.82684420
0.82509297
0.82334901
0.82161225
0.81988268
0.81816024
0.81644491
0.81473665
0.81303542
0.81134119
0.80965392
0.80797357
0.80630011
0.80463351
0.80297372
0.80132072
0.79967447
0.79803494
0.79640209
0.79477589
0.79315630
0.79154330
0.78993684
0.78833689
0.78674343
0.78515642
0.78357582
0.78200161
0.78043375
0.77887221
0.77731696
0.77576797
0.77422520
0.77268862
0.77115821
0.76963393
0.76811575
0.76660364
0.76509756
0.76359750
0.76210342
0.76061528
0.75913307
0.75765674
0.75618628
0.75472164
0.75326280
0.75180974
0.75036242
0.74892081
0.74748489
0.74605462
0.74462998
0.74321094
0.74179747
0.74038954
0.73898713
0.73759021
0.73619875
0.73481271
0.73343209
0.73205684
0.73068694
0.72932236
0.72796308
0.72660906
0.72526029
0.72391674
0.72257837
0.72124517
0.71991710
0.71859414
0.71727627
0.71596345
0.71465567
0.71335289
0.71205509
0.71076225
0.70947434
0.70819133
0.70691320
0.70563993
0.70437148
0.70310784
0.70184897
0.70059486
0.69934548
0.69810080
0.69686080
0.69562546
0.69439474
0.69316863
0.69194710
0.69073013
0.68951769
0.68830976
0.68710631
0.68590732
0.68471277
0.68352262
0.68233686
0.68115547
0.67997841
0.67880566
0.67763720
0.67647300
0.67531305
0.67415730
0.67300575
0.67185836
0.67071511
0.66957597
0.66844092
0.66730994
0.66618298
0.66506004
0.66394108
0.66282608
0.66171501
0.66060783
0.65950453
0.65840507
0.65730943
0.65621757
0.65512946
0.65404508
0.65296438
0.65188735
0.65081393
0.64974411
0.64867784
0.64761509
0.64655582
0.64549999
0.64444756
0.64339850
0.64235276
0.64131030
0.64027109
0.63923508
0.63820224
0.63717252
0.63614590
0.63512235
0.63410183
0.63308434
0.63206985
0.63105838
0.63004992
0.62904450
0.62804216
0.62704294
0.62604692
0.62505416
0.62406475
0.62307880
0.62209638
0.62111759
0.62014250
0.61917119
0.61820370
0.61724004
0.61628023
0.61532423
0.61437202
0.61342354
0.61247873
0.61153752
0.61059984
0.60966563
0.60873483
0.60780737
0.60688320
0.60596228
0.60504456
0.60413001
0.60321859
0.60231028
0.60140504
0.60050287
0.59960372
0.59870760
0.59781446
0.59692431
0.59603712
0.59515287
0.59427156
0.59339316
0.59251765
0.59164504
0.59077529
0.58990841
0.58904436
0.58818315
0.58732474
0.58646915
0.58561633
0.58476630
0.58391902
0.58307450
0.58223271
0.58139364
0.58055728
0.57972361
0.57889263
0.57806432
0.57723867
0.57641567
0.57559530
0.57477755
0.57396240
0.57314986
0.57233990
0.57153251
0.57072768
0.56992539
0.56912565
0.56832842
0.56753371
0.56674150
0.56595178
0.56516453
0.56437975
0.56359743
0.56281754
0.56204008
0.56126505
0.56049242
0.55972218
0.55895433
0.55818885
0.55742574
0.55666497
0.55590654
0.55515043
0.55439664
0.55364516
0.55289597
0.55214905
0.55140441
0.55066202
0.54992188
0.54918397
0.54844828
0.54771481
0.54698352
0.54625443
0.54552751
0.54480275
0.54408013
0.54335965
0.54264130
0.54192505
0.54121089
0.54049882
0.53978882
0.53908086
0.53837494
0.53767105
0.53696916
0.53626925
0.53557132
0.53487534
0.53418130
0.53348917
0.53279894
0.53211058
0.53142406
0.53073938
0.53005650
0.52937539
0.52869603
0.52801839
0.52734244
0.52666815
0.52599548
0.52532441
0.52465490
0.52398691
0.52332043
0.52265541
0.52199185
0.52132972
0.52066901
0.52000974
0.51935193
0.51869562
0.51804087
0.51738776
0.51673639
0.51608689
0.51543937
0.51479395
0.51415073
0.51350978
0.51287114
0.51223480
0.51160072
0.51096885
0.51033909
0.50971139
0.50908565
0.50846181
0.50783982
0.50721964
0.50660124
0.50598459
0.50536967
0.50475646
0.50414496
0.50353515
0.50292703
0.50232059
0.50171581
0.50111269
0.50051122
0.49991140
0.49931321
0.49871666
0.49812173
0.49752841
0.49693670
0.49634660
0.49575809
0.49517117
0.49458582
0.49400206
0.49341986
0.49283922
0.49226013
0.49168259
0.49110659
0.49053213
0.48995919
0.48938778
0.48881788
0.48824948
0.48768259
0.48711720
0.48655329
0.48599086
0.48542992
0.48487044
0.48431243
0.48375587
0.48320077
0.48264711
0.48209490
0.48154411
0.48099476
0.48044683
0.47990031
0.47935521
0.47881151
0.47826920
0.47772830
0.47718877
0.47665064
0.47611387
0.47557848
0.47504445
0.47451178
0.47398047
0.47345050
0.47292188
0.47239459
0.47186864
0.47134401
0.47082070
0.47029871
0.46977803
0.46925866
0.46874058
0.46822380
0.46770831
0.46719411
0.46668118
0.46616953
0.46565915
0.46515003
0.46464217
0.46413557
0.46363021
0.46312610
0.46262322
0.46212159
0.46162118
0.46112199
0.46062403
0.46012728
0.45963174
0.45913740
0.45864427
0.45815233
0.45766158
0.45717202
0.45668364
0.45619644
0.45571041
0.45522555
0.45474186
0.45425932
0.45377793
0.45329770
0.45281861
0.45234066
0.45186385
0.45138817
0.45091362
0.45044020
0.44996789
0.44949669
0.44902661
0.44855764
0.44808976
0.44762298
0.44715730
0.44669271
0.44622920
0.44576677
0.44530542
0.44484514
0.44438593
0.44392778
0.44347070
0.44301467
0.44255969
0.44210577
0.44165288
0.44120104
0.44075023
0.44030046
0.43985171
0.43940399
0.43895729
0.43851161
0.43806694
0.43762328
0.43718063
0.43673898
0.43629832
0.43585866
0.43541999
0.43498231
0.43454561
0.43410989
0.43367515
0.43324137
0.43280857
0.43237673
0.43194586
0.43151594
0.43108697
0.43065896
0.43023189
0.42980577
0.42938058
0.42895633
0.42853302
0.42811064
0.42768918
0.42726864
0.42684903
0.42643033
0.42601254
0.42559566
0.42517969
0.42476462
0.42435045
0.42393717
0.42352479
0.42311330
0.42270269
0.42229296
0.42188412
0.42147615
0.42106906
0.42066283
0.42025747
0.41985297
0.41944934
0.41904656
0.41864464
0.41824356
0.41784334
0.41744395
0.41704541
0.41664771
0.41625084
0.41585481
0.41545960
0.41506522
0.41467166
0.41427892
0.41388700
0.41349589
0.41310559
0.41271610
0.41232742
0.41193953
0.41155244
0.41116615
0.41078065
0.41039594
0.41001201
0.40962887
0.40924650
0.40886492
0.40848410
0.40810406
0.40772478
0.40734627
0.40696852
0.40659152
0.40621528
0.40583980
0.40546505
0.40509106
0.40471780
0.40434529
0.40397350
0.40360245
0.40323213
0.40286252
0.40249364
0.40212548
0.40175802
0.40139128
0.40102524
0.40065990
0.40029526
0.39993130
0.39956804
0.39920545
0.39884354
0.39848231
0.39812174
0.39776183
0.39740258
0.39704397
0.39668600
0.39632867
0.39597196
0.39561587
0.39526039
0.39490551
0.39455121
0.39419749
0.39384433
0.39349171
0.39313963
0.39278806
0.39243699
0.39208638
0.39173621
0.39138646
0.39103709
0.39068805
0.39033930
0.38999079
0.38964245
0.38929420
0.38894595
0.38859757
0.38824894
0.38789987
0.38755013
0.38719945
0.38684746
0.38649368
0.38613747
0.38577796
0.38541394
0.38504370
0.38466478
0.38427351
0.38386438
0.38342893
0.38295434
0.38242227
0.38181174
0.38111570
0.38037709
0.37969060
0.37911033
0.37861118
0.37815441
0.37771794
0.37729158
0.37687063
0.37645283
0.37603702
0.37562256
0.37520910
0.37479642
0.37438440
0.37397295
0.37356203
0.37315160
0.37274165
0.37233215
0.37192312
0.37151455
0.37110643
0.37069879
0.37029162
0.36988492
0.36947872
0.36907302
0.36866782
0.36826313
0.36785897
0.36745532
0.36705221
0.36664963
0.36624759
0.36584608
0.36544511
0.36504469
0.36464480
0.36424545
0.36384663
0.36344834
0.36305059
0.36265336
0.36225665
0.36186045
0.36146478
0.36106962
0.36067498
0.36028084
0.35988722
0.35949411
0.35910150
0.35870941
0.35831782
0.35792674
0.35753615
0.35714606
0.35675645
0.35636731
0.35597862
0.35559036
0.35520253
0.35481507
0.35442798
0.35404122
0.35365476
0.35326856
0.35288259
0.35249682
0.35211119
0.35172568
0.35134025
0.35095485
0.35056946
0.35018402
0.34979851
0.34941287
0.34902709
0.34864111
0.34825491
0.34786844
0.34748167
0.34709458
0.34670712
0.34631927
0.34593100
0.34554229
0.34515312
0.34476346
0.34437329
0.34398261
0.34359141
0.34319968
0.34280742
0.34241463
0.34202132
0.34162751
0.34123320
0.34083843
0.34044321
0.34004757
0.33965156
0.33925519
0.33885853
0.33846160
0.33806446
0.33766714
0.33726971
0.33687221
0.33647468
0.33607719
0.33567979
0.33528251
0.33488542
0.33448856
0.33409198
0.33369572
0.33329982
0.33290433
0.33250929
0.33211473
0.33172070
0.33132721
0.33093431
0.33054201
0.33015036
0.32975937
0.32936906
0.32897946
0.32859058
0.32820245
0.32781508
0.32742849
0.32704268
0.32665767
0.32627348
0.32589010
0.32550756
0.32512585
0.32474499
0.32436498
0.32398582
0.32360753
0.32323011
0.32285355
0.32247787
0.32210306
0.32172913
0.32135608
0.32098391
0.32061262
0.32024222
0.31987269
0.31950405
0.31913629
0.31876941
0.31840341
0.31803829
0.31767405
0.31731069
0.31694821
0.31658659
0.31622586
0.31586599
0.31550699
0.31514885
0.31479158
0.31443518
0.31407963
0.31372494
0.31337111
0.31301813
0.31266600
0.31231471
0.31196427
0.31161467
0.31126592
0.31091800
0.31057091
0.31022465
0.30987922
0.30953462
0.30919084
0.30884788
0.30850573
0.30816440
0.30782388
0.30748417
0.30714527
0.30680717
0.30646987
0.30613337
0.30579766
0.30546274
0.30512862
0.30479528
0.30446272
0.30413095
0.30379996
0.30346974
0.30314030
0.30281163
0.30248373
0.30215660
0.30183024
0.30150464
0.30117980
0.30085572
0.30053239
0.30020982
0.29988801
0.29956694
0.29924663
0.29892706
0.29860824
0.29829016
0.29797282
0.29765623
0.29734037
0.29702525
0.29671086
0.29639721
0.29608429
0.29577211
0.29546065
0.29514991
0.29483991
0.29453062
0.29422206
0.29391422
0.29360709
0.29330068
0.29299499
0.29269001
0.29238574
0.29208218
0.29177932
0.29147717
0.29117572
0.29087498
0.29057493
0.29027557
0.28997691
0.28967893
0.28938165
0.28908505
0.28878913
0.28849389
0.28819933
0.28790544
0.28761223
0.28731968
0.28702780
0.28673657
0.28644601
0.28615611
0.28586685
0.28557825
0.28529029
0.28500297
0.28471629
0.28443025
0.28414484
0.28386006
0.28357590
0.28329237
0.28300945
0.28272714
0.28244545
0.28216436
0.28188387
0.28160398
0.28132468
0.28104597
0.28076784
0.28049030
0.28021332
0.27993692
0.27966108
0.27938580
0.27911107
0.27883689
0.27856325
0.27829015
0.27801758
0.27774552
0.27747398
0.27720295
0.27693242
0.27666237
0.27639281
0.27612372
0.27585509
0.27558691
0.27531918
0.27505187
0.27478498
0.27451849
0.27425240
0.27398668
0.27372133
0.27345633
0.27319167
0.27292733
0.27266331
0.27239960
0.27213618
0.27187306
0.27161023
0.27134770
0.27108549
0.27082361
0.27056210
0.27030100
0.27004035
0.26978022
0.26952066
0.26926177
0.26900360
0.26874623
0.26848971
0.26823409
0.26797940
0.26772565
0.26747282
0.26722090
0.26696984
0.26671961
0.26647015
0.26622142
0.26597337
0.26572596
0.26547918
0.26523298
0.26498734
0.26474226
0.26449772
0.26425370
0.26401021
0.26376722
0.26352475
0.26328278
0.26304131
0.26280034
0.26255987
0.26231989
0.26208040
0.26184140
0.26160289
0.26136487
0.26112733
0.26089027
0.26065369
0.26041759
0.26018196
0.25994682
0.25971214
0.25947794
0.25924420
0.25901093
0.25877814
0.25854580
0.25831393
0.25808252
0.25785157
0.25762108
0.25739105
0.25716147
0.25693234
0.25670367
0.25647545
0.25624768
0.25602035
0.25579348
0.25556704
0.25534105
0.25511551
0.25489040
0.25466573
0.25444150
0.25421771
0.25399435
0.25377143
0.25354893
0.25332687
0.25310524
0.25288403
0.25266325
0.25244290
0.25222297
0.25200346
0.25178437
0.25156570
0.25134745
0.25112962
0.25091221
0.25069520
0.25047861
0.25026244
0.25004667
0.24983131
0.24961636
0.24940182
0.24918768
0.24897395
0.24876062
0.24854769
0.24833516
0.24812303
0.24791129
0.24769995
0.24748901
0.24727846
0.24706831
0.24685854
0.24664917
0.24644018
0.24623158
0.24602337
0.24581554
0.24560810
0.24540103
0.24519435
0.24498805
0.24478213
0.24457658
0.24437141
0.24416662
0.24396219
0.24375814
0.24355446
0.24335115
0.24314821
0.24294563
0.24274342
0.24254158
0.24234009
0.24213897
0.24193821
0.24173780
0.24153775
0.24133806
0.24113872
0.24093974
0.24074110
0.24054282
0.24034488
0.24014729
0.23995004
0.23975314
0.23955658
0.23936036
0.23916448
0.23896893
0.23877372
0.23857885
0.23838430
0.23819009
0.23799620
0.23780264
0.23760940
0.23741648
0.23722389
0.23703161
0.23683965
0.23664800
0.23645667
0.23626564
0.23607492
0.23588451
0.23569441
0.23550460
0.23531510
0.23512589
0.23493698
0.23474837
0.23456005
0.23437202
0.23418428
0.23399683
0.23380967
0.23362279
0.23343621
0.23324991
0.23306390
0.23287818
0.23269274
0.23250761
0.23232276
0.23213821
0.23195397
0.23177003
0.23158639
0.23140307
0.23122008
0.23103740
0.23085506
0.23067306
0.23049140
0.23031009
0.23012913
0.22994853
0.22976829
0.22958842
0.22940892
0.22922979
0.22905103
0.22887264
0.22869462
0.22851697
0.22833968
0.22816275
0.22798618
0.22780996
0.22763410
0.22745858
0.22728340
0.22710856
0.22693406
0.22675989
0.22658605
0.22641254
0.22623935
0.22606648
0.22589394
0.22572171
0.22554979
0.22537819
0.22520691
0.22503593
0.22486527
0.22469492
0.22452487
0.22435513
0.22418569
0.22401656
0.22384774
0.22367921
0.22351099
0.22334307
0.22317545
0.22300813
0.22284110
0.22267437
0.22250794
0.22234180
0.22217596
0.22201041
0.22184515
0.22168019
0.22151551
0.22135113
0.22118703
0.22102323
0.22085971
0.22069647
0.22053352
0.22037086
0.22020848
0.22004639
0.21988457
0.21972304
0.21956179
0.21940082
0.21924013
0.21907972
0.21891958
0.21875972
0.21860014
0.21844084
0.21828180
0.21812305
0.21796456
0.21780635
0.21764841
0.21749074
0.21733334
0.21717621
0.21701935
0.21686276
0.21670643
0.21655037
0.21639458
0.21623905
0.21608378
0.21592878
0.21577404
0.21561957
0.21546535
0.21531140
0.21515770
0.21500427
0.21485109
0.21469818
0.21454552
0.21439311
0.21424096
0.21408907
0.21393743
0.21378605
0.21363492
0.21348404
0.21333341
0.21318304
0.21303291
0.21288304
0.21273341
0.21258404
0.21243491
0.21228603
0.21213739
0.21198900
0.21184086
0.21169296
0.21154530
0.21139789
0.21125072
0.21110380
0.21095711
0.21081067
0.21066446
0.21051850
0.21037277
0.21022728
0.21008203
0.20993702
0.20979225
0.20964771
0.20950340
0.20935933
0.20921549
0.20907189
0.20892852
0.20878539
0.20864248
0.20849981
0.20835736
0.20821515
0.20807316
0.20793141
0.20778988
0.20764858
0.20750751
0.20736666
0.20722604
0.20708565
0.20694548
0.20680553
0.20666581
0.20652631
0.20638703
0.20624797
0.20610914
0.20597053
0.20583213
0.20569396
0.20555601
0.20541827
0.20528075
0.20514345
0.20500637
0.20486950
0.20473285
0.20459642
0.20446020
0.20432419
0.20418840
0.20405282
0.20391745
0.20378229
0.20364735
0.20351262
0.20337810
0.20324378
0.20310968
0.20297579
0.20284210
0.20270863
0.20257536
0.20244229
0.20230944
0.20217679
0.20204434
0.20191210
0.20178007
0.20164824
0.20151661
0.20138518
0.20125396
0.20112294
0.20099212
0.20086150
0.20073108
0.20060086
0.20047085
0.20034103
0.20021140
0.20008198
0.19995276
0.19982373
0.19969490
0.19956626
0.19943782
0.19930957
0.19918152
0.19905367
0.19892601
0.19879854
0.19867126
0.19854418
0.19841728
0.19829058
0.19816408
0.19803776
0.19791163
0.19778569
0.19765994
0.19753438
0.19740900
0.19728382
0.19715882
0.19703401
0.19690939
0.19678495
0.19666070
0.19653663
0.19641275
0.19628905
0.19616553
0.19604220
0.19591905
0.19579609
0.19567331
0.19555070
0.19542828
0.19530605
0.19518399
0.19506211
0.19494041
0.19481889
0.19469755
0.19457638
0.19445540
0.19433459
0.19421396
0.19409351
0.19397323
0.19385313
0.19373320
0.19361345
0.19349387
0.19337447
0.19325524
0.19313619
0.19301731
0.19289860
0.19278006
0.19266169
0.19254350
0.19242548
0.19230763
0.19218994
0.19207243
0.19195509
0.19183792
0.19172091
0.19160407
0.19148741
0.19137090
0.19125457
0.19113840
0.19102240
0.19090657
0.19079090
0.19067540
0.19056006
0.19044488
0.19032987
0.19021502
0.19010034
0.18998582
0.18987146
0.18975727
0.18964323
0.18952936
0.18941565
0.18930210
0.18918871
0.18907548
0.18896241
0.18884950
0.18873675
0.18862416
0.18851172
0.18839945
0.18828733
0.18817537
0.18806356
0.18795191
0.18784042
0.18772908
0.18761790
0.18750688
0.18739601
0.18728529
0.18717473
0.18706432
0.18695406
0.18684396
0.18673401
0.18662421
0.18651456
0.18640507
0.18629573
0.18618653
0.18607749
0.18596860
0.18585986
0.18575127
0.18564283
0.18553453
0.18542639
0.18531839
0.18521054
0.18510284
0.18499529
0.18488788
0.18478062
0.18467351
0.18456654
0.18445972
0.18435304
0.18424651
0.18414012
0.18403388
0.18392778
0.18382182
0.18371601
0.18361034
0.18350482
0.18339943
0.18329419
0.18318909
0.18308413
0.18297932
0.18287464
0.18277010
0.18266571
0.18256145
0.18245733
0.18235336
0.18224952
0.18214582
0.18204226
0.18193884
0.18183555
0.18173240
0.18162939
0.18152652
0.18142378
0.18132118
0.18121871
0.18111638
0.18101418
0.18091212
0.18081020
0.18070841
0.18060675
0.18050523
0.18040384
0.18030258
0.18020145
0.18010046
0.17999960
0.17989887
0.17979828
0.17969781
0.17959748
0.17949727
0.17939720
0.17929725
0.17919744
0.17909775
0.17899820
0.17889877
0.17879947
0.17870030
0.17860126
0.17850235
0.17840356
0.17830490
0.17820637
0.17810796
0.17800968
0.17791152
0.17781349
0.17771558
0.17761780
0.17752015
0.17742262
0.17732521
0.17722792
0.17713076
0.17703372
0.17693681
0.17684002
0.17674334
0.17664680
0.17655037
0.17645406
0.17635787
0.17626181
0.17616586
0.17607003
0.17597433
0.17587874
0.17578327
0.17568792
0.17559269
0.17549757
0.17540258
0.17530770
0.17521293
0.17511828
0.17502375
0.17492934
0.17483504
0.17474085
0.17464678
0.17455283
0.17445899
0.17436526
0.17427164
0.17417814
0.17408475
0.17399147
0.17389831
0.17380525
0.17371231
0.17361947
0.17352675
0.17343414
0.17334163
0.17324924
0.17315695
0.17306477
0.17297270
0.17288073
0.17278887
0.17269712
0.17260548
0.17251393
0.17242250
0.17233117
0.17223994
0.17214881
0.17205779
0.17196687
0.17187605
0.17178533
0.17169471
0.17160419
0.17151377
0.17142345
0.17133323
0.17124310
0.17115307
0.17106314
0.17097330
0.17088356
0.17079391
0.17070435
0.17061488
0.17052551
0.17043622
0.17034703
0.17025792
0.17016890
0.17007997
0.16999112
0.16990236
0.16981367
0.16972508
0.16963656
0.16954812
0.16945976
0.16937148
0.16928327
0.16919513
0.16910707
0.16901908
0.16893116
0.16884331
0.16875552
0.16866780
0.16858013
0.16849253
0.16840499
0.16831750
0.16823006
0.16814268
0.16805534
0.16796806
0.16788081
0.16779361
0.16770644
0.16761931
0.16753221
0.16744514
0.16735809
0.16727107
0.16718407
0.16709709
0.16701012
0.16692316
0.16683620
0.16674926
0.16666231
0.16657536
0.16648841
0.16640145
0.16631449
0.16622752
0.16614054
0.16605355
0.16596656
0.16587956
0.16579256
0.16570557
0.16561858
0.16553162
0.16544468
0.16535778
0.16527094
0.16518416
0.16509747
0.16501088
0.16492441
0.16483808
0.16475192
0.16466595
0.16458018
0.16449464
0.16440935
0.16432433
0.16423958
0.16415512
0.16407096
0.16398711
0.16390355
0.16382029
0.16373733
0.16365466
0.16357226
0.16349012
0.16340823
0.16332657
0.16324514
0.16316391
0.16308287
0.16300202
0.16292133
0.16284080
0.16276042
0.16268018
0.16260007
0.16252009
0.16244023
0.16236049
0.16228086
0.16220134
0.16212192
0.16204261
0.16196340
0.16188428
0.16180527
0.16172635
0.16164753
0.16156880
0.16149017
0.16141163
0.16133318
0.16125482
0.16117656
0.16109839
0.16102030
0.16094231
0.16086441
0.16078660
0.16070888
0.16063125
0.16055370
0.16047625
0.16039888
0.16032161
0.16024442
0.16016732
0.16009031
0.16001339
0.15993655
0.15985980
0.15978314
0.15970657
0.15963008
0.15955368
0.15947737
0.15940115
0.15932501
0.15924895
0.15917299
0.15909711
0.15902131
0.15894561
0.15886998
0.15879445
0.15871900
0.15864363
0.15856835
0.15849316
0.15841805
0.15834302
0.15826808
0.15819323
0.15811846
0.15804377
0.15796917
0.15789465
0.15782021
0.15774586
0.15767160
0.15759742
0.15752332
0.15744930
0.15737537
0.15730152
0.15722776
0.15715407
0.15708047
0.15700696
0.15693352
0.15686017
0.15678690
0.15671372
0.15664061
0.15656759
0.15649465
0.15642179
0.15634902
0.15627632
0.15620371
0.15613118
0.15605872
0.15598636
0.15591407
0.15584186
0.15576973
0.15569769
0.15562572
0.15555384
0.15548203
0.15541031
0.15533867
0.15526710
0.15519562
0.15512422
0.15505289
0.15498165
0.15491048
0.15483940
0.15476839
0.15469746
0.15462661
0.15455584
0.15448515
0.15441454
0.15434401
0.15427355
0.15420317
0.15413287
0.15406265
0.15399251
0.15392244
0.15385245
0.15378254
0.15371271
0.15364295
0.15357327
0.15350367
0.15343415
0.15336470
0.15329532
0.15322603
0.15315681
0.15308767
0.15301860
0.15294961
0.15288069
0.15281185
0.15274309
0.15267440
0.15260578
0.15253725
0.15246878
0.15240039
0.15233208
0.15226384
0.15219567
0.15212758
0.15205957
0.15199162
0.15192376
0.15185596
0.15178824
0.15172059
0.15165302
0.15158552
0.15151809
0.15145073
0.15138345
0.15131624
0.15124911
0.15118204
0.15111505
0.15104813
0.15098128
0.15091451
0.15084780
0.15078117
0.15071461
0.15064812
0.15058170
0.15051535
0.15044908
0.15038287
0.15031674
0.15025068
0.15018468
0.15011876
0.15005291
0.14998712
0.14992141
0.14985577
0.14979020
0.14972469
0.14965926
0.14959390
0.14952860
0.14946337
0.14939822
0.14933313
0.14926811
0.14920316
0.14913828
0.14907346
0.14900872
0.14894404
0.14887943
0.14881489
0.14875041
0.14868601
0.14862167
0.14855740
0.14849319
0.14842906
0.14836499
0.14830098
0.14823705
0.14817318
0.14810937
0.14804564
0.14798197
0.14791836
0.14785483
0.14779135
0.14772795
0.14766461
0.14760133
0.14753812
0.14747498
0.14741190
0.14734889
0.14728594
0.14722306
0.14716024
0.14709749
0.14703480
0.14697218
0.14690962
0.14684712
0.14678469
0.14672233
0.14666002
0.14659778
0.14653561
0.14647350
0.14641145
0.14634947
0.14628755
0.14622569
0.14616390
0.14610216
0.14604050
0.14597889
0.14591735
0.14585587
0.14579445
0.14573310
0.14567181
0.14561058
0.14554941
0.14548830
0.14542726
0.14536628
0.14530536
0.14524450
0.14518370
0.14512296
0.14506229
0.14500168
0.14494113
0.14488064
0.14482021
0.14475984
0.14469953
0.14463928
0.14457910
0.14451897
0.14445890
0.14439890
0.14433895
0.14427907
0.14421924
0.14415948
0.14409977
0.14404013
0.14398054
0.14392101
0.14386155
0.14380214
0.14374279
0.14368350
0.14362427
0.14356510
0.14350599
0.14344693
0.14338794
0.14332900
0.14327013
0.14321131
0.14315255
0.14309384
0.14303520
0.14297661
0.14291809
0.14285962
0.14280120
0.14274285
0.14268455
0.14262631
0.14256813
0.14251001
0.14245194
0.14239393
0.14233597
0.14227808
0.14222024
0.14216246
0.14210473
0.14204706
0.14198945
0.14193190
0.14187440
0.14181695
0.14175957
0.14170224
0.14164496
0.14158774
0.14153058
0.14147347
0.14141642
0.14135943
0.14130249
0.14124560
0.14118877
0.14113200
0.14107528
0.14101862
0.14096201
0.14090546
0.14084896
0.14079252
0.14073613
0.14067979
0.14062352
0.14056729
0.14051112
0.14045500
0.14039894
0.14034293
0.14028698
0.14023108
0.14017524
0.14011944
0.14006371
0.14000802
0.13995239
0.13989681
0.13984129
0.13978582
0.13973040
0.13967504
0.13961973
0.13956447
0.13950927
0.13945412
0.13939902
0.13934397
0.13928898
0.13923404
0.13917915
0.13912431
0.13906953
0.13901480
0.13896012
0.13890549
0.13885092
0.13879639
0.13874192
0.13868750
0.13863314
0.13857882
0.13852456
0.13847035
0.13841618
0.13836207
0.13830802
0.13825401
0.13820005
0.13814615
0.13809229
0.13803849
0.13798474
0.13793104
0.13787739
0.13782379
0.13777024
0.13771674
0.13766329
0.13760989
0.13755655
0.13750325
0.13745000
0.13739680
0.13734366
0.13729056
0.13723751
0.13718451
0.13713157
0.13707867
0.13702582
0.13697302
0.13692027
0.13686757
0.13681492
0.13676231
0.13670976
0.13665726
0.13660480
0.13655240
0.13650004
0.13644773
0.13639547
0.13634326
0.13629110
0.13623898
0.13618692
0.13613490
0.13608293
0.13603101
0.13597914
0.13592731
0.13587554
0.13582381
0.13577213
0.13572049
0.13566891
0.13561737
0.13556588
0.13551444
0.13546304
0.13541170
0.13536040
0.13530914
0.13525794
0.13520678
0.13515567
0.13510460
0.13505359
0.13500262
0.13495169
0.13490081
0.13484998
0.13479920
0.13474846
0.13469777
0.13464713
0.13459653
0.13454598
0.13449547
0.13444501
0.13439460
0.13434423
0.13429391
0.13424363
0.13419340
0.13414322
0.13409308
0.13404299
0.13399294
0.13394294
0.13389298
0.13384307
0.13379320
0.13374338
0.13369361
0.13364388
0.13359419
0.13354455
0.13349496
0.13344541
0.13339590
0.13334644
0.13329702
0.13324765
0.13319832
0.13314904
0.13309980
0.13305061
0.13300145
0.13295235
0.13290329
0.13285427
0.13280530
0.13275637
0.13270748
0.13265864
0.13260984
0.13256108
0.13251237
0.13246371
0.13241508
0.13236650
0.13231796
0.13226947
0.13222102
0.13217261
0.13212425
0.13207593
0.13202765
0.13197941
0.13193122
0.13188307
0.13183496
0.13178690
0.13173888
0.13169090
0.13164296
0.13159507
0.13154722
0.13149941
0.13145164
0.13140392
0.13135624
0.13130860
0.13126100
0.13121344
0.13116593
0.13111846
0.13107102
0.13102364
0.13097629
0.13092898
0.13088172
0.13083450
0.13078732
0.13074018
0.13069308
0.13064602
0.13059901
0.13055204
0.13050510
0.13045821
0.13041136
0.13036455
0.13031778
0.13027105
0.13022437
0.13017772
0.13013111
0.13008455
0.13003803
0.12999154
0.12994510
0.12989870
0.12985233
0.12980601
0.12975973
0.12971349
0.12966729
0.12962113
0.12957500
0.12952892
0.12948288
0.12943688
0.12939092
0.12934500
0.12929911
0.12925327
0.12920747
0.12916171
0.12911598
0.12907030
0.12902465
0.12897905
0.12893348
0.12888796
0.12884247
0.12879702
0.12875161
0.12870624
0.12866091
0.12861562
0.12857037
0.12852515
0.12847998
0.12843484
0.12838974
0.12834468
0.12829966
0.12825468
0.12820974
0.12816483
0.12811996
0.12807514
0.12803035
0.12798559
0.12794088
0.12789620
0.12785157
0.12780697
0.12776241
0.12771788
0.12767340
0.12762895
0.12758454
0.12754017
0.12749583
0.12745153
0.12740728
0.12736305
0.12731887
0.12727472
0.12723061
0.12718654
0.12714251
0.12709851
0.12705455
0.12701062
0.12696674
0.12692289
0.12687907
0.12683530
0.12679156
0.12674786
0.12670419
0.12666056
0.12661697
0.12657342
0.12652990
0.12648642
0.12644297
0.12639956
0.12635619
0.12631285
0.12626955
0.12622628
0.12618305
0.12613986
0.12609671
0.12605358
0.12601050
0.12596745
0.12592444
0.12588146
0.12583852
0.12579561
0.12575274
0.12570990
0.12566710
0.12562434
0.12558161
0.12553892
0.12549626
0.12545363
0.12541104
0.12536849
0.12532597
0.12528349
0.12524104
0.12519862
0.12515624
0.12511390
0.12507159
0.12502931
0.12498707
0.12494487
0.12490269
0.12486056
0.12481845
0.12477638
0.12473435
0.12469235
0.12465038
0.12460845
0.12456655
0.12452468
0.12448285
0.12444105
0.12439929
0.12435756
0.12431586
0.12427420
0.12423257
0.12419097
0.12414941
0.12410788
0.12406639
0.12402492
0.12398349
0.12394210
0.12390073
0.12385940
0.12381811
0.12377684
0.12373561
0.12369441
0.12365324
0.12361211
0.12357101
0.12352994
0.12348891
0.12344790
0.12340693
0.12336600
0.12332509
0.12328422
0.12324338
0.12320257
0.12316179
0.12312105
0.12308034
0.12303966
0.12299901
0.12295839
0.12291781
0.12287726
0.12283674
0.12279625
0.12275579
0.12271537
0.12267497
0.12263461
0.12259428
0.12255399
0.12251372
0.12247349
0.12243328
0.12239311
0.12235297
0.12231286
0.12227279
0.12223274
0.12219273
0.12215275
0.12211280
0.12207288
0.12203299
0.12199313
0.12195331
0.12191351
0.12187375
0.12183402
0.12179432
0.12175465
0.12171502
0.12167541
0.12163583
0.12159629
0.12155678
0.12151730
0.12147785
0.12143843
0.12139905
0.12135969
0.12132037
0.12128108
0.12124182
0.12120259
0.12116339
0.12112422
0.12108509
0.12104598
0.12100691
0.12096787
0.12092886
0.12088988
0.12085094
0.12081202
0.12077314
0.12073429
0.12069547
0.12065668
0.12061792
0.12057920
0.12054050
0.12050184
0.12046321
0.12042461
0.12038604
0.12034751
0.12030901
0.12027054
0.12023210
0.12019369
0.12015531
0.12011697
0.12007865
0.12004037
0.12000212
0.11996391
0.11992572
0.11988757
0.11984945
0.11981136
0.11977330
0.11973527
0.11969728
0.11965931
0.11962138
0.11958348
0.11954561
0.11950778
0.11946997
0.11943220
0.11939446
0.11935675
0.11931907
0.11928142
0.11924381
0.11920622
0.11916867
0.11913115
0.11909366
0.11905620
0.11901877
0.11898138
0.11894401
0.11890668
0.11886937
0.11883210
0.11879486
0.11875765
0.11872047
0.11868332
0.11864620
0.11860911
0.11857206
0.11853503
0.11849803
0.11846107
0.11842413
0.11838723
0.11835035
0.11831351
0.11827669
0.11823991
0.11820315
0.11816643
0.11812973
0.11809307
0.11805643
0.11801983
0.11798325
0.11794671
0.11791019
0.11787370
0.11783725
0.11780082
0.11776442
0.11772805
0.11769171
0.11765540
0.11761911
0.11758286
0.11754664
0.11751044
0.11747427
0.11743814
0.11740203
0.11736595
0.11732989
0.11729387
0.11725788
0.11722191
0.11718597
0.11715007
0.11711418
0.11707833
0.11704251
0.11700671
0.11697095
0.11693521
0.11689950
0.11686381
0.11682816
0.11679253
0.11675693
0.11672136
0.11668582
0.11665030
0.11661482
0.11657936
0.11654392
0.11650852
0.11647314
0.11643780
0.11640247
0.11636718
0.11633191
0.11629668
0.11626146
0.11622628
0.11619112
0.11615599
0.11612089
0.11608582
0.11605077
0.11601575
0.11598076
0.11594579
0.11591085
0.11587594
0.11584105
0.11580620
0.11577137
0.11573656
0.11570178
0.11566703
0.11563231
0.11559761
0.11556294
0.11552830
0.11549368
0.11545909
0.11542453
0.11538999
0.11535548
0.11532100
0.11528654
0.11525211
0.11521771
0.11518333
0.11514898
0.11511465
0.11508035
0.11504608
0.11501183
0.11497761
0.11494342
0.11490925
0.11487511
0.11484099
0.11480690
0.11477284
0.11473880
0.11470479
0.11467080
0.11463684
0.11460291
0.11456900
0.11453511
0.11450126
0.11446743
0.11443362
0.11439984
0.11436609
0.11433236
0.11429865
0.11426498
0.11423132
0.11419770
0.11416410
0.11413052
0.11409697
0.11406345
0.11402995
0.11399647
0.11396302
0.11392960
0.11389620
0.11386283
0.11382948
0.11379616
0.11376286
0.11372959
0.11369634
0.11366312
0.11362992
0.11359674
0.11356360
0.11353047
0.11349738
0.11346430
0.11343125
0.11339823
0.11336523
0.11333226
0.11329931
0.11326638
0.11323348
0.11320061
0.11316776
0.11313493
0.11310213
0.11306935
0.11303660
0.11300387
0.11297117
0.11293849
0.11290583
0.11287320
0.11284059
0.11280801
0.11277545
0.11274292
0.11271041
0.11267793
0.11264546
0.11261303
0.11258061
0.11254823
0.11251586
0.11248352
0.11245120
0.11241891
0.11238664
0.11235440
0.11232217
0.11228998
0.11225780
0.11222565
0.11219353
0.11216143
0.11212935
0.11209729
0.11206526
0.11203325
0.11200127
0.11196931
0.11193737
0.11190546
0.11187357
0.11184170
0.11180986
0.11177804
0.11174624
0.11171447
0.11168272
0.11165099
0.11161929
0.11158761
0.11155596
0.11152432
0.11149271
0.11146113
0.11142956
0.11139802
0.11136650
0.11133501
0.11130354
0.11127209
0.11124067
0.11120926
0.11117788
0.11114653
0.11111519
0.11108388
0.11105259
0.11102133
0.11099009
0.11095887
0.11092767
0.11089650
0.11086534
0.11083421
0.11080311
0.11077202
0.11074096
0.11070992
0.11067891
0.11064792
0.11061694
0.11058600
0.11055507
0.11052417
0.11049328
0.11046242
0.11043159
0.11040077
0.11036998
0.11033921
0.11030846
0.11027774
0.11024703
0.11021635
0.11018569
0.11015506
0.11012444
0.11009385
0.11006328
0.11003273
0.11000220
0.10997170
0.10994122
0.10991075
0.10988032
0.10984990
0.10981950
0.10978913
0.10975878
0.10972845
0.10969814
0.10966785
0.10963759
0.10960734
0.10957712
0.10954692
0.10951674
0.10948659
0.10945645
0.10942634
0.10939625
0.10936618
0.10933613
0.10930610
0.10927609
0.10924611
0.10921614
0.10918620
0.10915628
0.10912638
0.10909650
0.10906665
0.10903681
0.10900700
0.10897720
0.10894743
0.10891768
0.10888795
0.10885824
0.10882855
0.10879889
0.10876924
0.10873961
0.10871001
0.10868043
0.10865087
0.10862133
0.10859181
0.10856231
0.10853283
0.10850337
0.10847393
0.10844452
0.10841512
0.10838575
0.10835639
0.10832706
0.10829775
0.10826846
0.10823919
0.10820993
0.10818070
0.10815150
0.10812231
0.10809314
0.10806399
0.10803486
0.10800576
0.10797667
0.10794760
0.10791856
0.10788953
0.10786053
0.10783154
0.10780258
0.10777363
0.10774471
0.10771581
0.10768692
0.10765806
0.10762922
0.10760039
0.10757159
0.10754281
0.10751404
0.10748530
0.10745658
0.10742788
0.10739919
0.10737053
0.10734189
0.10731327
0.10728466
0.10725608
0.10722752
0.10719897
0.10717045
0.10714195
0.10711346
0.10708500
0.10705655
0.10702813
0.10699973
0.10697134
0.10694297
0.10691463
0.10688630
0.10685800
0.10682971
0.10680144
0.10677319
0.10674496
0.10671676
0.10668857
0.10666040
0.10663224
0.10660411
0.10657600
0.10654791
0.10651984
0.10649178
0.10646375
0.10643573
0.10640774
0.10637976
0.10635180
0.10632386
0.10629594
0.10626804
0.10624016
0.10621230
0.10618446
0.10615664
0.10612883
0.10610105
0.10607328
0.10604553
0.10601780
0.10599009
0.10596240
0.10593473
0.10590708
0.10587944
0.10585183
0.10582423
0.10579666
0.10576910
0.10574156
0.10571404
0.10568654
0.10565905
0.10563159
0.10560414
0.10557671
0.10554930
0.10552191
0.10549454
0.10546719
0.10543986
0.10541254
0.10538524
0.10535796
0.10533070
0.10530346
0.10527624
0.10524903
0.10522185
0.10519468
0.10516753
0.10514040
0.10511328
0.10508619
0.10505911
0.10503206
0.10500502
0.10497799
0.10495099
0.10492401
0.10489704
0.10487009
0.10484316
0.10481625
0.10478935
0.10476248
0.10473562
0.10470878
0.10468195
0.10465515
0.10462836
0.10460160
0.10457485
0.10454811
0.10452140
0.10449470
0.10446802
0.10444136
0.10441472
0.10438810
0.10436149
0.10433490
0.10430833
0.10428177
0.10425524
0.10422872
0.10420222
0.10417573
0.10414927
0.10412282
0.10409639
0.10406998
0.10404358
0.10401721
0.10399085
0.10396450
0.10393818
0.10391187
0.10388558
0.10385931
0.10383305
0.10380682
0.10378060
0.10375439
0.10372821
0.10370204
0.10367589
0.10364976
0.10362364
0.10359754
0.10357146
0.10354540
0.10351935
0.10349332
0.10346731
0.10344131
0.10341533
0.10338937
0.10336343
0.10333750
0.10331159
0.10328570
0.10325982
0.10323396
0.10320812
0.10318230
0.10315649
0.10313070
0.10310492
0.10307917
0.10305343
0.10302770
0.10300200
0.10297631
0.10295064
0.10292498
0.10289934
0.10287372
0.10284811
0.10282252
0.10279695
0.10277140
0.10274586
0.10272034
0.10269483
0.10266934
0.10264387
0.10261842
0.10259298
0.10256755
0.10254215
0.10251676
0.10249139
0.10246603
0.10244069
0.10241537
0.10239006
0.10236477
0.10233950
0.10231424
0.10228900
0.10226377
0.10223857
0.10221337
0.10218820
0.10216304
0.10213790
0.10211277
0.10208766
0.10206256
0.10203749
0.10201242
0.10198738
0.10196235
0.10193733
0.10191234
0.10188736
0.10186239
0.10183744
0.10181251
0.10178759
0.10176269
0.10173781
0.10171294
0.10168808
0.10166325
0.10163842
0.10161362
0.10158883
0.10156406
0.10153930
0.10151456
0.10148983
0.10146512
0.10144043
0.10141575
0.10139109
0.10136644
0.10134181
0.10131719
0.10129259
0.10126801
0.10124344
0.10121889
0.10119435
0.10116983
0.10114532
0.10112083
0.10109636
0.10107190
0.10104745
0.10102303
0.10099861
0.10097422
0.10094983
0.10092547
0.10090112
0.10087678
0.10085246
0.10082816
0.10080387
0.10077959
0.10075533
0.10073109
0.10070686
0.10068265
0.10065845
0.10063427
0.10061010
0.10058595
0.10056181
0.10053769
0.10051359
0.10048949
0.10046542
0.10044136
0.10041731
0.10039328
0.10036927
0.10034526
0.10032128
0.10029731
0.10027335
0.10024941
0.10022549
0.10020158
0.10017768
0.10015380
0.10012993
0.10010608
0.10008225
0.10005842
0.10003462
0.10001083
0.09998705
0.09996329
0.09993954
0.09991581
0.09989209
0.09986839
0.09984470
0.09982102
0.09979736
0.09977372
0.09975009
0.09972647
0.09970287
0.09967929
0.09965572
0.09963216
0.09960862
0.09958509
0.09956157
0.09953808
0.09951459
0.09949112
0.09946766
0.09944422
0.09942080
0.09939738
0.09937399
0.09935060
0.09932723
0.09930388
0.09928054
0.09925721
0.09923390
0.09921060
0.09918731
0.09916404
0.09914079
0.09911755
0.09909432
0.09907111
0.09904791
0.09902472
0.09900155
0.09897840
0.09895525
0.09893212
0.09890901
0.09888591
0.09886282
0.09883975
0.09881669
0.09879365
0.09877061
0.09874760
0.09872459
0.09870160
0.09867863
0.09865567
0.09863272
0.09860979
0.09858686
0.09856396
0.09854107
0.09851819
0.09849532
0.09847247
0.09844963
0.09842681
0.09840400
0.09838120
0.09835841
0.09833564
0.09831289
0.09829014
0.09826741
0.09824470
0.09822200
0.09819931
0.09817663
0.09815397
0.09813132
0.09810868
0.09808606
0.09806345
0.09804086
0.09801828
0.09799571
0.09797315
0.09795061
0.09792808
0.09790556
0.09788306
0.09786057
0.09783810
0.09781563
0.09779318
0.09777075
0.09774832
0.09772591
0.09770351
0.09768113
0.09765876
0.09763640
0.09761405
0.09759172
0.09756940
0.09754709
0.09752480
0.09750252
0.09748025
0.09745799
0.09743575
0.09741352
0.09739130
0.09736910
0.09734691
0.09732473
0.09730256
0.09728041
0.09725827
0.09723614
0.09721402
0.09719192
0.09716983
0.09714775
0.09712568
0.09710363
0.09708159
0.09705956
0.09703754
0.09701554
0.09699355
0.09697157
0.09694960
0.09692765
0.09690571
0.09688378
0.09686186
0.09683996
0.09681806
0.09679618
0.09677431
0.09675246
0.09673061
0.09670878
0.09668696
0.09666515
0.09664335
0.09662157
0.09659980
0.09657804
0.09655629
0.09653455
0.09651283
0.09649111
0.09646941
0.09644772
0.09642605
0.09640438
0.09638272
0.09636108
0.09633945
0.09631783
0.09629622
0.09627463
0.09625304
0.09623147
0.09620991
0.09618836
0.09616682
0.09614529
0.09612377
0.09610227
0.09608077
0.09605929
0.09603782
0.09601636
0.09599491
0.09597347
0.09595205
0.09593063
0.09590923
0.09588783
0.09586645
0.09584508
0.09582372
0.09580237
0.09578103
0.09575970
0.09573838
0.09571707
0.09569578
0.09567449
0.09565321
0.09563195
0.09561069
0.09558945
0.09556821
0.09554699
0.09552578
0.09550457
0.09548338
0.09546220
0.09544102
0.09541986
0.09539871
0.09537757
0.09535643
0.09533531
0.09531419
0.09529309
0.09527200
0.09525091
0.09522983
0.09520877
0.09518771
0.09516666
0.09514562
0.09512459
0.09510357
0.09508256
0.09506156
0.09504056
0.09501958
0.09499860
0.09497763
0.09495667
0.09493572
0.09491477
0.09489384
0.09487291
0.09485199
0.09483108
0.09481017
0.09478927
0.09476838
0.09474750
0.09472662
0.09470575
0.09468489
0.09466403
0.09464318
0.09462233
0.09460149
0.09458066
0.09455983
0.09453901
0.09451819
0.09449738
0.09447657
0.09445577
0.09443497
0.09441417
0.09439338
0.09437259
0.09435180
0.09433101
0.09431023
0.09428945
0.09426867
0.09424789
0.09422711
0.09420633
0.09418554
0.09416476
0.09414398
0.09412319
0.09410240
0.09408161
0.09406081
0.09404001
0.09401920
0.09399838
0.09397756
0.09395673
0.09393588
0.09391503
0.09389416
0.09387329
0.09385239
0.09383148
0.09381056
0.09378961
0.09376864
0.09374765
0.09372663
0.09370559
0.09368451
0.09366341
0.09364227
0.09362109
0.09359986
0.09357860
0.09355728
0.09353591
0.09351448
0.09349298
0.09347142
0.09344977
0.09342805
0.09340623
0.09338431
0.09336228
0.09334013
0.09331785
0.09329541
0.09327282
0.09325004
0.09322705
0.09320384
0.09318038
0.09315663
0.09313256
0.09310813
0.09308329
0.09305797
0.09303212
0.09300564
0.09297843
0.09295038
0.09292134
0.09289112
0.09285949
0.09282616
0.09279077
0.09275282
0.09271169
0.09266653
0.09261622
0.09255920
0.09249330
0.09241548
0.09232145
0.09220522
0.09205885
0.09187309
0.09164116
0.09136833
0.09108398
0.09083424
0.09064487
0.09050579
0.09039648
0.09030327
0.09021917
0.09014062
0.09006565
0.08999310
0.08992223
0.08985255
0.08978373
0.08971551
0.08964773
0.08958026
0.08951300
0.08944589
0.08937886
0.08931187
0.08924489
0.08917788
0.08911084
0.08904373
0.08897656
0.08890930
0.08884195
0.08877450
0.08870695
0.08863929
0.08857153
0.08850365
0.08843567
0.08836757
0.08829936
0.08823103
0.08816260
0.08809406
0.08802541
0.08795666
0.08788780
0.08781884
0.08774978
0.08768063
0.08761138
0.08754204
0.08747262
0.08740311
0.08733351
0.08726384
0.08719409
0.08712427
0.08705439
0.08698443
0.08691441
0.08684434
0.08677421
0.08670402
0.08663379
0.08656351
0.08649319
0.08642283
0.08635243
0.08628200
0.08621154
0.08614106
0.08607056
0.08600003
0.08592949
0.08585894
0.08578839
0.08571782
0.08564726
0.08557669
0.08550614
0.08543559
0.08536505
0.08529452
0.08522402
0.08515354
0.08508308
0.08501265
0.08494225
0.08487189
0.08480156
0.08473128
0.08466104
0.08459085
0.08452071
0.08445062
0.08438059
0.08431062
0.08424071
0.08417087
0.08410110
0.08403140
0.08396177
0.08389223
0.08382276
0.08375338
0.08368408
0.08361487
0.08354576
0.08347674
0.08340782
0.08333899
0.08327027
0.08320166
0.08313315
0.08306475
0.08299647
0.08292829
0.08286024
0.08279230
0.08272449
0.08265680
0.08258923
0.08252179
0.08245448
0.08238731
0.08232026
0.08225335
0.08218657
0.08211994
0.08205344
0.08198708
0.08192087
0.08185479
0.08178887
0.08172309
0.08165745
0.08159197
0.08152663
0.08146145
0.08139642
0.08133153
0.08126680
0.08120223
0.08113781
0.08107354
0.08100943
0.08094548
0.08088168
0.08081804
0.08075456
0.08069124
0.08062807
0.08056506
0.08050222
0.08043953
0.08037700
0.08031463
0.08025242
0.08019037
0.08012847
0.08006674
0.08000517
0.07994376
0.07988251
0.07982142
0.07976048
0.07969971
0.07963910
0.07957865
0.07951836
0.07945823
0.07939826
0.07933845
0.07927880
0.07921931
0.07915998
0.07910081
0.07904181
0.07898296
0.07892427
0.07886575
0.07880739
0.07874919
0.07869115
0.07863327
0.07857556
0.07851801
0.07846063
0.07840340
0.07834635
0.07828945
0.07823273
0.07817616
0.07811977
0.07806354
0.07800747
0.07795158
0.07789585
0.07784029
0.07778490
0.07772968
0.07767462
0.07761974
0.07756503
0.07751048
0.07745610
0.07740190
0.07734786
0.07729399
0.07724029
0.07718676
0.07713340
0.07708021
0.07702718
0.07697433
0.07692163
0.07686911
0.07681675
0.07676455
0.07671252
0.07666065
0.07660894
0.07655739
0.07650601
0.07645478
0.07640371
0.07635279
0.07630204
0.07625143
0.07620098
0.07615068
0.07610053
0.07605054
0.07600069
0.07595099
0.07590143
0.07585202
0.07580276
0.07575363
0.07570465
0.07565581
0.07560711
0.07555855
0.07551012
0.07546183
0.07541368
0.07536566
0.07531778
0.07527002
0.07522240
0.07517491
0.07512755
0.07508032
0.07503321
0.07498623
0.07493938
0.07489265
0.07484605
0.07479957
0.07475321
0.07470698
0.07466087
0.07461487
0.07456900
0.07452324
0.07447760
0.07443208
0.07438668
0.07434139
0.07429622
0.07425116
0.07420622
0.07416138
0.07411667
0.07407206
0.07402756
0.07398318
0.07393890
0.07389474
0.07385068
0.07380673
0.07376289
0.07371916
0.07367553
0.07363201
0.07358859
0.07354528
0.07350207
0.07345897
0.07341597
0.07337307
0.07333028
0.07328758
0.07324499
0.07320250
0.07316011
0.07311781
0.07307562
0.07303353
0.07299153
0.07294963
0.07290783
0.07286612
0.07282451
0.07278300
0.07274158
0.07270026
0.07265903
0.07261790
0.07257686
0.07253591
0.07249505
0.07245429
0.07241362
0.07237304
0.07233255
0.07229215
0.07225184
0.07221162
0.07217149
0.07213145
0.07209150
0.07205163
0.07201186
0.07197217
0.07193256
0.07189305
0.07185362
0.07181427
0.07177501
0.07173584
0.07169675
0.07165774
0.07161882
0.07157998
0.07154123
0.07150256
0.07146396
0.07142546
0.07138703
0.07134868
0.07131042
0.07127224
0.07123413
0.07119611
0.07115816
0.07112030
0.07108251
0.07104481
0.07100718
0.07096963
0.07093215
0.07089475
0.07085743
0.07082019
0.07078302
0.07074593
0.07070892
0.07067198
0.07063511
0.07059832
0.07056161
0.07052496
0.07048840
0.07045190
0.07041548
0.07037913
0.07034285
0.07030665
0.07027052
0.07023446
0.07019847
0.07016255
0.07012670
0.07009093
0.07005522
0.07001958
0.06998402
0.06994852
0.06991309
0.06987773
0.06984244
0.06980722
0.06977207
0.06973698
0.06970196
0.06966701
0.06963212
0.06959731
0.06956255
0.06952787
0.06949325
0.06945869
0.06942421
0.06938978
0.06935542
0.06932113
0.06928690
0.06925274
0.06921863
0.06918460
0.06915062
0.06911671
0.06908286
0.06904908
0.06901535
0.06898169
0.06894810
0.06891456
0.06888108
0.06884767
0.06881432
0.06878102
0.06874779
0.06871462
0.06868151
0.06864846
0.06861547
0.06858253
0.06854966
0.06851685
0.06848409
0.06845140
0.06841876
0.06838618
0.06835366
0.06832119
0.06828879
0.06825644
0.06822415
0.06819191
0.06815973
0.06812761
0.06809554
0.06806354
0.06803158
0.06799968
0.06796784
0.06793605
0.06790432
0.06787264
0.06784102
0.06780945
0.06777794
0.06774648
0.06771507
0.06768372
0.06765242
0.06762118
0.06758999
0.06755885
0.06752776
0.06749673
0.06746574
0.06743482
0.06740394
0.06737311
0.06734234
0.06731162
0.06728095
0.06725033
0.06721976
0.06718924
0.06715877
0.06712836
0.06709799
0.06706767
0.06703741
0.06700719
0.06697702
0.06694690
0.06691683
0.06688681
0.06685684
0.06682692
0.06679705
0.06676722
0.06673745
0.06670772
0.06667804
0.06664840
0.06661882
0.06658928
0.06655979
0.06653034
0.06650095
0.06647160
0.06644229
0.06641304
0.06638382
0.06635466
0.06632554
0.06629647
0.06626744
0.06623846
0.06620952
0.06618063
0.06615179
0.06612299
0.06609423
0.06606552
0.06603685
0.06600823
0.06597965
0.06595112
0.06592263
0.06589418
0.06586578
0.06583742
0.06580910
0.06578083
0.06575260
0.06572442
0.06569627
0.06566817
0.06564011
0.06561210
0.06558412
0.06555619
0.06552830
0.06550045
0.06547265
0.06544488
0.06541716
0.06538948
0.06536184
0.06533424
0.06530668
0.06527916
0.06525168
0.06522425
0.06519685
0.06516949
0.06514218
0.06511490
0.06508767
0.06506047
0.06503332
0.06500620
0.06497912
0.06495208
0.06492509
0.06489813
0.06487121
0.06484432
0.06481748
0.06479068
0.06476391
0.06473718
0.06471049
0.06468384
0.06465723
0.06463065
0.06460411
0.06457761
0.06455115
0.06452473
0.06449834
0.06447199
0.06444567
0.06441940
0.06439316
0.06436696
0.06434079
0.06431466
0.06428857
0.06426251
0.06423649
0.06421050
0.06418456
0.06415864
0.06413277
0.06410692
0.06408112
0.06405535
0.06402961
0.06400391
0.06397825
0.06395262
0.06392702
0.06390146
0.06387594
0.06385045
0.06382499
0.06379957
0.06377419
0.06374883
0.06372351
0.06369823
0.06367298
0.06364776
0.06362258
0.06359743
0.06357231
0.06354723
0.06352218
0.06349717
0.06347218
0.06344723
0.06342232
0.06339743
0.06337258
0.06334776
0.06332298
0.06329822
0.06327350
0.06324881
0.06322416
0.06319953
0.06317494
0.06315038
0.06312585
0.06310136
0.06307689
0.06305246
0.06302806
0.06300369
0.06297935
0.06295504
0.06293076
0.06290652
0.06288230
0.06285812
0.06283397
0.06280985
0.06278576
0.06276169
0.06273766
0.06271366
0.06268970
0.06266576
0.06264185
0.06261797
0.06259412
0.06257030
0.06254651
0.06252275
0.06249902
0.06247532
0.06245165
0.06242801
0.06240439
0.06238081
0.06235726
0.06233373
0.06231024
0.06228677
0.06226333
0.06223992
0.06221654
0.06219319
0.06216987
0.06214657
0.06212331
0.06210007
0.06207686
0.06205368
0.06203053
0.06200740
0.06198430
0.06196123
0.06193819
0.06191518
0.06189219
0.06186923
0.06184630
0.06182340
0.06180052
0.06177767
0.06175485
0.06173206
0.06170929
0.06168655
0.06166384
0.06164115
0.06161849
0.06159586
0.06157325
0.06155067
0.06152812
0.06150559
0.06148309
0.06146062
0.06143817
0.06141575
0.06139335
0.06137098
0.06134864
0.06132632
0.06130403
0.06128176
0.06125952
0.06123731
0.06121512
0.06119296
0.06117082
0.06114871
0.06112662
0.06110456
0.06108252
0.06106051
0.06103852
0.06101656
0.06099463
0.06097272
0.06095083
0.06092897
0.06090713
0.06088532
0.06086353
0.06084177
0.06082003
0.06079831
0.06077663
0.06075496
0.06073332
0.06071170
0.06069011
0.06066854
0.06064699
0.06062547
0.06060398
0.06058250
0.06056105
0.06053963
0.06051823
0.06049685
0.06047549
0.06045416
0.06043285
0.06041157
0.06039031
0.06036907
0.06034785
0.06032666
0.06030549
0.06028435
0.06026323
0.06024213
0.06022105
0.06019999
0.06017896
0.06015795
0.06013697
0.06011601
0.06009507
0.06007415
0.06005325
0.06003238
0.06001153
0.05999070
0.05996989
0.05994911
0.05992835
0.05990760
0.05988689
0.05986619
0.05984552
0.05982486
0.05980423
0.05978363
0.05976304
0.05974247
0.05972193
0.05970141
0.05968091
0.05966043
0.05963997
0.05961953
0.05959912
0.05957872
0.05955835
0.05953800
0.05951767
0.05949736
0.05947707
0.05945681
0.05943656
0.05941633
0.05939613
0.05937595
0.05935578
0.05933564
0.05931552
0.05929542
0.05927534
0.05925528
0.05923524
0.05921522
0.05919522
0.05917524
0.05915529
0.05913535
0.05911543
0.05909553
0.05907566
0.05905580
0.05903596
0.05901614
0.05899635
0.05897657
0.05895681
0.05893708
0.05891736
0.05889766
0.05887798
0.05885832
0.05883868
0.05881906
0.05879946
0.05877988
0.05876032
0.05874078
0.05872126
0.05870175
0.05868227
0.05866280
0.05864336
0.05862393
0.05860452
0.05858513
0.05856576
0.05854641
0.05852708
0.05850777
0.05848847
0.05846920
0.05844994
0.05843071
0.05841149
0.05839229
0.05837310
0.05835394
0.05833480
0.05831567
0.05829656
0.05827747
0.05825840
0.05823935
0.05822031
0.05820130
0.05818230
0.05816332
0.05814436
0.05812541
0.05810649
0.05808758
0.05806869
0.05804982
0.05803097
0.05801213
0.05799331
0.05797451
0.05795573
0.05793696
0.05791822
0.05789949
0.05788078
0.05786208
0.05784341
0.05782475
0.05780610
0.05778748
0.05776887
0.05775028
0.05773171
0.05771316
0.05769462
0.05767610
0.05765759
0.05763911
0.05762064
0.05760219
0.05758375
0.05756533
0.05754693
0.05752855
0.05751018
0.05749183
0.05747350
0.05745518
0.05743688
0.05741860
0.05740033
0.05738208
0.05736385
0.05734563
0.05732743
0.05730925
0.05729108
0.05727293
0.05725480
0.05723668
0.05721858
0.05720050
0.05718243
0.05716437
0.05714634
0.05712832
0.05711032
0.05709233
0.05707436
0.05705640
0.05703846
0.05702054
0.05700263
0.05698474
0.05696687
0.05694901
0.05693116
0.05691334
0.05689552
0.05687773
0.05685995
0.05684218
0.05682443
0.05680670
0.05678898
0.05677128
0.05675359
0.05673592
0.05671827
0.05670063
0.05668300
0.05666540
0.05664780
0.05663022
0.05661266
0.05659511
0.05657758
0.05656006
0.05654256
0.05652507
0.05650760
0.05649015
0.05647271
0.05645528
0.05643787
0.05642047
0.05640309
0.05638572
0.05636837
0.05635104
0.05633371
0.05631641
0.05629912
0.05628184
0.05626458
0.05624733
0.05623010
0.05621288
0.05619568
0.05617849
0.05616131
0.05614415
0.05612701
0.05610988
0.05609276
0.05607566
0.05605857
0.05604150
0.05602444
0.05600740
0.05599037
0.05597335
0.05595635
0.05593936
0.05592239
0.05590543
0.05588849
0.05587156
0.05585464
0.05583774
0.05582085
0.05580398
0.05578712
0.05577027
0.05575344
0.05573662
0.05571982
0.05570303
0.05568625
0.05566949
0.05565274
0.05563601
0.05561929
0.05560258
0.05558589
0.05556921
0.05555254
0.05553589
0.05551925
0.05550263
0.05548602
0.05546942
0.05545283
0.05543626
0.05541971
0.05540316
0.05538663
0.05537011
0.05535361
0.05533712
0.05532064
0.05530418
0.05528773
0.05527129
0.05525487
0.05523846
0.05522206
0.05520568
0.05518931
0.05517295
0.05515661
0.05514027
0.05512396
0.05510765
0.05509136
0.05507508
0.05505881
0.05504256
0.05502632
0.05501009
0.05499388
0.05497767
0.05496149
0.05494531
0.05492915
0.05491300
0.05489686
0.05488073
0.05486462
0.05484852
0.05483244
0.05481636
0.05480030
0.05478425
0.05476821
0.05475219
0.05473618
0.05472018
0.05470419
0.05468822
0.05467226
0.05465631
0.05464037
0.05462445
0.05460854
0.05459264
0.05457675
0.05456088
0.05454502
0.05452917
0.05451333
0.05449750
0.05448169
0.05446589
0.05445010
0.05443432
0.05441856
0.05440281
0.05438707
0.05437134
0.05435562
0.05433992
0.05432423
0.05430855
0.05429288
0.05427722
0.05426158
0.05424595
0.05423032
0.05421472
0.05419912
0.05418353
0.05416796
0.05415240
0.05413685
0.05412131
0.05410579
0.05409027
0.05407477
0.05405928
0.05404380
0.05402833
0.05401288
0.05399744
0.05398200
0.05396658
0.05395117
0.05393577
0.05392039
0.05390501
0.05388965
0.05387430
0.05385896
0.05384363
0.05382831
0.05381301
0.05379771
0.05378243
0.05376716
0.05375190
0.05373665
0.05372141
0.05370618
0.05369097
0.05367576
0.05366057
0.05364539
0.05363022
0.05361506
0.05359991
0.05358477
0.05356965
0.05355453
0.05353943
0.05352433
0.05350925
0.05349418
0.05347912
0.05346407
0.05344904
0.05343401
0.05341899
0.05340399
0.05338899
0.05337401
0.05335904
0.05334408
0.05332913
0.05331419
0.05329926
0.05328434
0.05326943
0.05325454
0.05323965
0.05322478
0.05320991
