0.02234437
2.44178838
2.12211869
2.86910908
1.39794079
-3.37807807
1.79872024
-3.25161667
-5.14672692
-3.82594618
-4.36467364
1.05448366
1.34464836
-2.70558592
-1.29232861
-4.45322911
1.12452646
0.05129583
-1.53145817
2.29747285
-0.17928053
1.22056949
1.85546884
2.26923765
7.72128419
0.56676446
-0.59855473
0.34405155
-0.07450361
-2.81415459
2.08598835
-0.47959715
-1.18020942
-3.54638591
0.49263043
3.51805568
0.28332691
0.94279276
0.10403002
3.55367626
-0.20846972
-0.57336788
-1.63715663
-4.42079677
3.62606363
-4.75628906
1.71687876
-3.60419377
-0.58926909
1.12312184
-0.93837230
1.02161558
-1.99439051
-1.66877795
-0.47272724
-1.92237566
-0.65147517
-1.67161539
-1.65340364
-0.41736635
-0.96666603
-2.00534589
-0.24940603
-0.21780509
-0.68745857
-1.76812782
-1.69955534
-0.91664097
-1.99045331
-2.08961946
1.95625394
-1.35927350
2.16917533
-1.45013560
4.34069940
-1.78569307
-1.36826806
-2.40150731
-1.72052882
-1.42870622
-1.93580023
-1.57120953
3.93023604
-1.50947076
3.96687650
-0.98050795
3.15903624
-1.84092854
2.30948191
3.71612203
2.93363918
-1.22285724
-3.64187775
-2.52899566
2.22525671
4.57807446
-0.29206579
-1.33727831
3.30435509
3.51734746
2.41451160
3.46033995
2.73766160
2.78666063
-0.56444583
-1.50717050
2.90448926
-0.50944431
2.57287118
-1.24795231
1.44276649
-0.33453929
3.85329059
-0.06194339
2.74633881
-2.66863912
3.86157067
-1.10027464
3.44725168
-0.31827424
-0.99496430
4.85996637
3.58155703
3.97230211
-1.32438874
4.11562237
-1.76102091
-2.47773409
-0.77006312
-2.01230207
-0.46187672
-1.14037968
-1.33359197
-1.90759140
-2.74224019
-1.69564899
-0.81759004
-2.25480444
4.99607051
-1.00420779
-0.94399773
-0.12900643
2.53208776
-0.61161108
-1.61346279
-1.25051345
-0.93662990
0.01209936
-1.59083979
-0.64290910
-1.17560385
-0.91370719
-1.29934883
-1.49271788
-0.38279559
-0.87281425
0.87195025
1.88068890
1.20685565
-3.23215833
0.65898479
4.46368446
0.30732024
2.88912314
2.00189056
2.66182735
0.00416151
-2.85011285
2.51673143
4.74300932
0.49546370
-4.29365896
1.38348189
-2.85051105
1.03518557
-2.48453524
-3.74340421
2.22373576
-2.62697394
-2.58897643
-1.83618233
2.56299083
-1.42150899
1.52180253
-3.30263784
4.34358648
-1.85626629
-3.62798116
0.89870843
1.56615258
-2.04684895
-2.67556129
-3.48254747
2.77137837
-2.68175027
-2.83070828
0.59285769
0.58829105
-3.31627902
0.60370787
-2.73067211
1.86065981
2.66664819
1.92799047
1.46272360
2.00129662
0.62389047
-2.19732016
-3.22605052
2.28552456
2.61076783
2.77234982
2.07733036
-3.67155053
0.33752553
-2.06917430
2.60614139
3.27261984
2.82254237
4.37907355
-5.20032356
4.59297057
1.08857794
5.01668379
1.71066513
-2.19201261
1.25287245
-1.71080786
2.01223504
-2.35519499
-2.90179015
-2.47115809
-2.63651532
-3.06549187
-2.93057829
-2.34808294
2.16435845
-2.27738377
-2.32156673
2.50111263
0.77389352
1.71260555
-1.73274959
-2.41800194
2.78133318
-2.80577541
-0.27508988
6.04277712
1.75554821
1.02978271
0.78041520
2.03958239
-3.24255352
3.32588491
-1.98929991
-2.28297877
1.52067562
1.68655415
-3.21364777
-1.95381174
-2.06233206
-2.22298768
-1.80348311
-2.05830494
-1.87995171
-0.67577089
-0.44382271
4.20706794
-1.18228443
-1.37365493
-1.05650687
-2.02966709
-1.27287134
-0.31277148
3.25713817
-0.84268740
-2.64515693
3.33530698
1.77635318
-1.33245430
2.02754064
-1.90175529
-1.78627701
4.27331574
-1.75607897
2.95675335
3.45109021
-3.38702814
-2.92380651
-0.93511930
4.33888915
3.38764241
1.55577853
-1.76272342
2.81499956
-0.81972380
2.71453472
-1.76005896
-2.09843488
-0.70750318
3.30562858
2.72980051
2.06350419
-1.40164804
-1.46211969
-1.65860465
-1.65001866
-1.17519148
3.55159733
-3.65599789
2.51833760
-1.08035097
1.40048027
-2.21005077
-2.79129714
3.86463169
-2.60703264
5.21058972
-2.77459353
-1.81943360
-2.41254703
3.75876841
-2.00997201
-2.90532230
-2.57997251
-2.84595063
1.37901057
5.26427982
1.63151655
2.35976606
0.07321900
-1.62854140
1.25562611
2.53801401
3.85063761
3.35605763
-2.16352863
1.26890311
1.78032953
2.15428869
1.32205728
-2.15165015
-2.80287224
1.72602561
-2.91310689
2.34373051
-2.06496560
-1.88494825
-2.15968417
-1.91505968
1.84094830
-3.63674926
-3.30054277
0.63488729
0.34412194
1.70240709
-2.31547881
-2.42724158
-2.81194571
2.56395007
1.19455114
0.90831936
0.73689405
-1.39378618
1.43796898
-2.72640276
1.25008425
-2.43610241
1.27555608
-1.63298194
2.15128850
-1.36079828
2.87842394
-3.20078726
1.88037636
4.73869734
2.95859981
-2.47676072
1.20086879
-1.64876827
-2.21245796
-1.37292240
-2.64926221
-1.99366862
-2.61197146
-2.42037390
-1.69700797
-2.61727877
-2.00283254
2.80193074
2.17398867
2.74828299
1.89859703
1.63000254
-1.22019192
2.98193246
2.71323761
4.82065895
-1.23986136
-1.71608723
-2.46404070
-1.55481777
3.14083856
-2.97212520
2.31152158
-2.42709810
2.38669934
-0.98088669
6.13672183
-1.51858463
-1.35090733
-1.64022275
-2.63873572
-0.36994333
2.38701700
-1.91253877
2.45372541
2.79834039
-3.35927343
-0.55435167
1.28266945
-1.02396327
-1.81623533
3.79640024
-1.10465280
-0.96389700
-1.21746508
-2.00081054
-0.81447816
-2.71045453
-0.98633027
-0.47366725
-2.00061472
-1.12570771
-1.57260963
-1.33590128
-2.11516036
-0.82271302
-0.96687719
-1.51235854
-2.32042104
-3.22214651
3.58840832
3.10634936
2.55341604
-1.48530011
-1.78709120
-1.97663591
1.34015604
-1.73106926
-0.37102147
5.97811702
3.15291421
3.02307008
-1.22484752
-2.06195501
2.06280045
2.27850558
2.13215110
2.40756292
-1.08814103
5.30066516
-2.48557407
-0.35968480
-1.71889374
-2.27288506
-1.76290175
3.23610464
4.10088359
-1.11843755
-2.61634186
-2.11321485
-2.59093557
-1.04686311
4.35423497
-0.56777076
-2.99893667
-1.05259207
4.71422665
-0.42004211
-1.76466408
-1.38104584
-1.72265757
-0.26025632
3.89225868
0.78622880
2.45642204
4.95748122
3.58781801
-1.03226293
-1.31419006
-1.42850982
-1.39648520
-1.24103914
-1.29710668
-3.31151068
3.07427276
5.19890627
-0.53040221
-1.62574959
-1.61546083
-1.12818533
-1.35332518
-1.79835719
-1.76282834
-2.20464367
-0.93834226
-1.17917553
-0.74051930
3.19793449
2.46613493
-1.67891551
-0.80699423
-0.12919697
3.16991714
3.64328970
-2.82860894
-1.89732238
2.49245552
3.98195807
