0.73675045
0.71901634
0.70849981
0.70234181
0.69876269
0.69669082
0.69549348
0.69480141
0.69440055
0.69416731
0.69403047
0.69394905
0.69389950
0.69386828
0.69384761
0.69383302
0.69382195
0.69381291
0.69380507
0.69379793
0.69379121
0.69378476
0.69377848
0.69377231
0.69376624
0.69376023
0.69375427
0.69374837
0.69374252
0.69373671
0.69373094
0.69372522
0.69371954
0.69371389
0.69370829
0.69370273
0.69369721
0.69369172
0.69368628
0.69368087
0.69367550
0.69367016
0.69366486
0.69365960
0.69365437
0.69364918
0.69364402
0.69363889
0.69363380
0.69362874
0.69362372
0.69361872
0.69361376
0.69360884
0.69360394
0.69359907
0.69359424
0.69358943
0.69358466
0.69357991
0.69357519
0.69357051
0.69356585
0.69356122
0.69355661
0.69355204
0.69354749
0.69354297
0.69353847
0.69353401
0.69352956
0.69352515
0.69352076
0.69351639
0.69351205
0.69350773
0.69350344
0.69349917
0.69349493
0.69349071
0.69348651
0.69348234
0.69347819
0.69347406
0.69346995
0.69346587
0.69346180
0.69345776
0.69345374
0.69344974
0.69344576
0.69344181
0.69343787
0.69343395
0.69343005
0.69342618
0.69342232
0.69341848
0.69341466
0.69341085
0.69340707
0.69340331
0.69339956
0.69339583
0.69339212
0.69338843
0.69338475
0.69338109
0.69337745
0.69337383
0.69337022
0.69336663
0.69336305
0.69335949
0.69335595
0.69335242
0.69334891
0.69334541
0.69334193
0.69333846
0.69333501
0.69333157
0.69332815
0.69332474
0.69332134
0.69331796
0.69331459
0.69331124
0.69330790
0.69330458
0.69330126
0.69329796
0.69329468
0.69329140
0.69328814
0.69328489
0.69328165
0.69327843
0.69327522
0.69327202
0.69326883
0.69326565
0.69326248
0.69325933
0.69325619
0.69325305
0.69324993
0.69324682
0.69324372
0.69324063
0.69323756
0.69323449
0.69323143
0.69322838
0.69322534
0.69322232
0.69321930
0.69321629
0.69321329
0.69321030
0.69320732
0.69320434
0.69320138
0.69319843
0.69319548
0.69319255
0.69318962
0.69318670
0.69318378
0.69318088
0.69317799
0.69317510
0.69317222
0.69316935
0.69316648
0.69316362
0.69316078
0.69315793
0.69315510
0.69315227
0.69314945
0.69314663
0.69314383
0.69314103
0.69313823
0.69313544
0.69313266
0.69312989
0.69312712
0.69312435
0.69312160
0.69311885
0.69311610
0.69311336
0.69311062
0.69310790
0.69310517
0.69310245
0.69309974
0.69309703
0.69309433
0.69309163
0.69308894
0.69308625
0.69308356
0.69308088
0.69307821
0.69307553
0.69307287
0.69307020
0.69306754
0.69306489
0.69306224
0.69305959
0.69305694
0.69305430
0.69305167
0.69304903
0.69304640
0.69304377
0.69304115
0.69303853
0.69303591
0.69303329
0.69303068
0.69302807
0.69302546
0.69302285
0.69302025
0.69301765
0.69301505
0.69301245
0.69300985
0.69300726
0.69300467
0.69300208
0.69299949
0.69299690
0.69299432
0.69299173
0.69298915
0.69298657
0.69298398
0.69298140
0.69297882
0.69297625
0.69297367
0.69297109
0.69296851
0.69296593
0.69296336
0.69296078
0.69295820
0.69295563
0.69295305
0.69295047
0.69294790
0.69294532
0.69294274
0.69294016
0.69293758
0.69293500
0.69293242
0.69292984
0.69292725
0.69292467
0.69292208
0.69291949
0.69291690
0.69291431
0.69291172
0.69290912
0.69290653
0.69290393
0.69290133
0.69289873
0.69289612
0.69289351
0.69289090
0.69288829
0.69288568
0.69288306
0.69288044
0.69287781
0.69287518
0.69287255
0.69286992
0.69286728
0.69286464
0.69286199
0.69285934
0.69285669
0.69285403
0.69285137
0.69284871
0.69284604
0.69284336
0.69284068
0.69283800
0.69283531
0.69283262
0.69282992
0.69282721
0.69282450
0.69282179
0.69281907
0.69281634
0.69281361
0.69281087
0.69280813
0.69280538
0.69280262
0.69279986
0.69279709
0.69279431
0.69279153
0.69278874
0.69278594
0.69278313
0.69278032
0.69277750
0.69277467
0.69277184
0.69276899
0.69276614
0.69276328
0.69276042
0.69275754
0.69275465
0.69275176
0.69274886
0.69274594
0.69274302
0.69274009
0.69273715
0.69273420
0.69273124
0.69272827
0.69272529
0.69272230
0.69271930
0.69271629
0.69271326
0.69271023
0.69270718
0.69270413
0.69270106
0.69269798
0.69269489
0.69269179
0.69268867
0.69268554
0.69268240
0.69267925
0.69267608
0.69267290
0.69266971
0.69266650
0.69266329
0.69266005
0.69265680
0.69265354
0.69265027
0.69264697
0.69264367
0.69264035
0.69263701
0.69263366
0.69263029
0.69262691
0.69262351
0.69262009
0.69261666
0.69261321
0.69260975
0.69260626
0.69260276
0.69259924
0.69259571
0.69259215
0.69258858
0.69258499
0.69258138
0.69257775
0.69257410
0.69257043
0.69256674
0.69256303
0.69255930
0.69255555
0.69255178
0.69254799
0.69254418
0.69254034
0.69253648
0.69253260
0.69252870
0.69252478
0.69252083
0.69251686
0.69251286
0.69250884
0.69250480
0.69250073
0.69249664
0.69249252
0.69248837
0.69248420
0.69248000
0.69247578
0.69247153
0.69246725
0.69246295
0.69245861
0.69245425
0.69244986
0.69244544
0.69244099
0.69243651
0.69243200
0.69242746
0.69242289
0.69241829
0.69241366
0.69240899
0.69240429
0.69239956
0.69239479
0.69239000
0.69238516
0.69238029
0.69237539
0.69237045
0.69236548
0.69236047
0.69235542
0.69235033
0.69234521
0.69234005
0.69233485
0.69232961
0.69232433
0.69231901
0.69231365
0.69230825
0.69230280
0.69229732
0.69229179
0.69228622
0.69228060
0.69227494
0.69226923
0.69226348
0.69225768
0.69225183
0.69224594
0.69224000
0.69223401
0.69222797
0.69222188
0.69221574
0.69220954
0.69220330
0.69219700
0.69219065
0.69218425
0.69217779
0.69217127
0.69216470
0.69215807
0.69215139
0.69214464
0.69213784
0.69213098
0.69212405
0.69211707
0.69211002
0.69210291
0.69209573
0.69208849
0.69208118
0.69207381
0.69206637
0.69205886
0.69205128
0.69204363
0.69203591
0.69202812
0.69202025
0.69201231
0.69200429
0.69199620
0.69198803
0.69197979
0.69197146
0.69196305
0.69195456
0.69194599
0.69193734
0.69192860
0.69191977
0.69191086
0.69190186
0.69189277
0.69188358
0.69187431
0.69186494
0.69185548
0.69184592
0.69183626
0.69182651
0.69181665
0.69180669
0.69179663
0.69178647
0.69177620
0.69176582
0.69175533
0.69174474
0.69173403
0.69172320
0.69171226
0.69170121
0.69169004
0.69167874
0.69166732
0.69165578
0.69164412
0.69163232
0.69162040
0.69160835
0.69159616
0.69158384
0.69157138
0.69155878
0.69154604
0.69153316
0.69152013
0.69150696
0.69149364
0.69148016
0.69146653
0.69145274
0.69143880
0.69142469
0.69141043
0.69139599
0.69138139
0.69136661
0.69135167
0.69133654
0.69132124
0.69130576
0.69129009
0.69127424
0.69125819
0.69124196
0.69122552
0.69120889
0.69119206
0.69117502
0.69115778
0.69114032
0.69112265
0.69110476
0.69108665
0.69106831
0.69104975
0.69103096
0.69101193
0.69099266
0.69097315
0.69095339
0.69093338
0.69091312
0.69089260
0.69087181
0.69085076
0.69082944
0.69080784
0.69078596
0.69076380
0.69074135
0.69071861
0.69069557
0.69067223
0.69064857
0.69062461
0.69060033
0.69057572
0.69055079
0.69052552
0.69049992
0.69047397
0.69044767
0.69042101
0.69039399
0.69036660
0.69033884
0.69031070
0.69028218
0.69025326
0.69022394
0.69019422
0.69016408
0.69013353
0.69010254
0.69007113
0.69003927
0.69000697
0.68997421
0.68994099
0.68990729
0.68987312
0.68983846
0.68980331
0.68976765
0.68973148
0.68969479
0.68965757
0.68961981
0.68958150
0.68954264
0.68950321
0.68946320
0.68942261
0.68938142
0.68933963
0.68929722
0.68925418
0.68921050
0.68916618
0.68912120
0.68907554
0.68902920
0.68898217
0.68893443
0.68888598
0.68883679
0.68878686
0.68873617
0.68868472
0.68863248
0.68857944
0.68852560
0.68847093
0.68841542
0.68835907
0.68830184
0.68824373
0.68818473
0.68812481
0.68806396
0.68800217
0.68793942
0.68787569
0.68781097
0.68774524
0.68767847
0.68761066
0.68754179
0.68747183
0.68740078
0.68732860
0.68725528
0.68718080
0.68710515
0.68702829
0.68695022
0.68687090
0.68679032
0.68670846
0.68662530
0.68654081
0.68645497
0.68636775
0.68627914
0.68618912
0.68609765
0.68600471
0.68591028
0.68581433
0.68571684
0.68561779
0.68551714
0.68541487
0.68531095
0.68520536
0.68509807
0.68498905
0.68487827
0.68476571
0.68465133
0.68453511
0.68441701
0.68429701
0.68417507
0.68405117
0.68392528
0.68379735
0.68366737
0.68353529
0.68340109
0.68326473
0.68312619
0.68298542
0.68284239
0.68269707
0.68254942
0.68239941
0.68224701
0.68209217
0.68193486
0.68177506
0.68161271
0.68144779
0.68128025
0.68111007
0.68093719
0.68076159
0.68058323
0.68040207
0.68021808
0.68003120
0.67984141
0.67964867
0.67945293
0.67925417
0.67905233
0.67884739
0.67863930
0.67842803
0.67821352
0.67799576
0.67777469
0.67755028
0.67732249
0.67709127
0.67685660
0.67661844
0.67637674
0.67613146
0.67588257
0.67563004
0.67537381
0.67511387
0.67485016
0.67458265
0.67431131
0.67403610
0.67375699
0.67347393
0.67318690
0.67289586
0.67260078
0.67230162
0.67199836
0.67169095
0.67137938
0.67106360
0.67074359
0.67041932
0.67009077
0.66975789
0.66942067
0.66907909
0.66873310
0.66838270
0.66802786
0.66766855
0.66730476
0.66693645
0.66656362
0.66618625
0.66580431
0.66541780
0.66502668
0.66463096
0.66423062
0.66382564
0.66341602
0.66300174
0.66258279
0.66215918
0.66173088
0.66129790
0.66086023
0.66041788
0.65997083
0.65951908
0.65906265
0.65860152
0.65813571
0.65766522
0.65719005
0.65671021
0.65622570
0.65573655
0.65524275
0.65474432
0.65424127
0.65373361
0.65322136
0.65270454
0.65218316
0.65165724
0.65112680
0.65059186
0.65005244
0.64950855
0.64896023
0.64840750
0.64785038
0.64728890
0.64672308
0.64615295
0.64557853
0.64499986
0.64441696
0.64382986
0.64323860
0.64264320
0.64204369
0.64144010
0.64083247
0.64022083
0.63960520
0.63898562
0.63836213
0.63773475
0.63710351
0.63646846
0.63582961
0.63518702
0.63454069
0.63389067
0.63323699
0.63257969
0.63191878
0.63125430
0.63058628
0.62991475
0.62923974
0.62856127
0.62787938
0.62719408
0.62650541
0.62581339
0.62511805
0.62441939
0.62371746
0.62301226
0.62230381
0.62159214
0.62087727
0.62015919
0.61943794
0.61871352
0.61798593
0.61725521
0.61652134
0.61578433
0.61504419
0.61430093
0.61355453
0.61280500
0.61205234
0.61129654
0.61053758
0.60977547
0.60901019
0.60824173
0.60747006
0.60669517
0.60591703
0.60513563
0.60435094
0.60356292
0.60277154
0.60197678
0.60117859
0.60037693
0.59957176
0.59876303
0.59795070
0.59713472
0.59631502
0.59549156
0.59466426
0.59383308
0.59299793
0.59215876
0.59131548
0.59046803
0.58961632
0.58876026
0.58789978
0.58703479
0.58616519
0.58529088
0.58441177
0.58352776
0.58263874
0.58174460
0.58084523
0.57994052
0.57903034
0.57811459
0.57719313
0.57626583
0.57533257
0.57439322
0.57344764
0.57249569
0.57153723
0.57057213
0.56960023
0.56862139
0.56763546
0.56664229
0.56564173
0.56463363
0.56361783
0.56259418
0.56156251
0.56052268
0.55947452
0.55841789
0.55735261
0.55627854
0.55519552
0.55410339
0.55300200
0.55189120
0.55077084
0.54964078
0.54850085
0.54735093
0.54619088
0.54502056
0.54383983
0.54264857
0.54144667
0.54023399
0.53901043
0.53777587
0.53653023
0.53527340
0.53400529
0.53272582
0.53143492
0.53013251
0.52881853
0.52749293
0.52615567
0.52480670
0.52344598
0.52207351
0.52068925
0.51929321
0.51788538
0.51646577
0.51503440
0.51359128
0.51213646
0.51066997
0.50919184
0.50770215
0.50620095
0.50468830
0.50316428
0.50162898
0.50008247
0.49852485
0.49695622
0.49537669
0.49378636
0.49218535
0.49057378
0.48895177
0.48731946
0.48567697
0.48402444
0.48236202
0.48068984
0.47900807
0.47731683
0.47561630
0.47390663
0.47218797
0.47046049
0.46872436
0.46697973
0.46522679
0.46346569
0.46169662
0.45991974
0.45813525
0.45634331
0.45454410
0.45273782
